
SetupTitle, SET-RESET
ApplicationTest, SET-RESET, Public
MetaData, TestRecord.EntryPoint, true
MetaData, TestRecord.RecordTime, 02/05/2026 18:27:20
MetaData, TestRecord.TestTarget, Knowm-D14-R0.6-cc0.2mA
MetaData, TestRecord.IterationIndex, 3
MetaData, TestRecord.Preservation, true
MetaData, TestRecord.Flag, 
MetaData, TestRecord.Remarks, 
MetaData, TestRecord.LinkKey, f4c6a2b7-4a69-4b1e-bd59-788500343e2b
MetaData, TestRecord.Parameters, 
AnalysisSetup, Analysis.Setup.Vector.Graph.Enabled, true
AnalysisSetup, Analysis.Setup.Vector.Graph.ActiveYAxis, 0
AnalysisSetup, Analysis.Setup.Vector.Graph.LeftYAxis, 0
AnalysisSetup, Analysis.Setup.Vector.Graph.RightYAxis, -1
AnalysisSetup, Analysis.Setup.Vector.Graph.XAxis.Name, V1
AnalysisSetup, Analysis.Setup.Vector.Graph.XAxis.GroupName, 
AnalysisSetup, Analysis.Setup.Vector.Graph.XAxis.RunTimeAutoScale, true
AnalysisSetup, Analysis.Setup.Vector.Graph.XAxis.Unit, V
AnalysisSetup, Analysis.Setup.Vector.Graph.XAxis.Scale, Linear
AnalysisSetup, Analysis.Setup.Vector.Graph.XAxis.Left, 0
AnalysisSetup, Analysis.Setup.Vector.Graph.XAxis.Right, -0.6
AnalysisSetup, Analysis.Setup.Vector.Graph.YAxis.Name, I1
AnalysisSetup, Analysis.Setup.Vector.Graph.YAxis.GroupName, 
AnalysisSetup, Analysis.Setup.Vector.Graph.YAxis.RunTimeAutoScale, true
AnalysisSetup, Analysis.Setup.Vector.Graph.YAxis.Unit, A
AnalysisSetup, Analysis.Setup.Vector.Graph.YAxis.Scale, Linear
AnalysisSetup, Analysis.Setup.Vector.Graph.YAxis.Bottom, -2.8E-05
AnalysisSetup, Analysis.Setup.Vector.Graph.YAxis.Top, 1.3E-07
AnalysisSetup, Analysis.Setup.Vector.Graph.Operation.Marker.Enabled, false
AnalysisSetup, Analysis.Setup.Vector.Graph.Operation.Marker.Interpolation, false
AnalysisSetup, Analysis.Setup.Vector.Graph.Operation.Marker.Index, 0
AnalysisSetup, Analysis.Setup.Vector.Graph.Operation.Marker.Step, 0
AnalysisSetup, Analysis.Setup.Vector.Graph.Operation.Cursor.Enabled, false
AnalysisSetup, Analysis.Setup.Vector.Graph.Operation.Cursor.Active, true
AnalysisSetup, Analysis.Setup.Vector.Graph.Operation.Cursor.NormalX, 1.6666666666666667
AnalysisSetup, Analysis.Setup.Vector.Graph.Operation.Cursor.NormalY, 0.99537859936011375
AnalysisSetup, Analysis.Setup.Vector.Graph.Operation.Line1.Enabled, false
AnalysisSetup, Analysis.Setup.Vector.Graph.Operation.Line1.Active, false
AnalysisSetup, Analysis.Setup.Vector.Graph.Operation.Line1.Fix, false
AnalysisSetup, Analysis.Setup.Vector.Graph.Operation.Line1.Type, 1
AnalysisSetup, Analysis.Setup.Vector.Graph.Operation.Line1.YAxisIndex, 0
AnalysisSetup, Analysis.Setup.Vector.Graph.Operation.Line1.LastIndex, -1
AnalysisSetup, Analysis.Setup.Vector.Graph.Operation.Line1.LastStep, -1
AnalysisSetup, Analysis.Setup.Vector.Graph.Operation.Line1.Cursor1.Enabled, false
AnalysisSetup, Analysis.Setup.Vector.Graph.Operation.Line1.Cursor1.Active, false
AnalysisSetup, Analysis.Setup.Vector.Graph.Operation.Line1.Cursor1.NormalX, 1.6666666666666667
AnalysisSetup, Analysis.Setup.Vector.Graph.Operation.Line1.Cursor1.NormalY, 0.99537859936011375
AnalysisSetup, Analysis.Setup.Vector.Graph.Operation.Line1.Cursor2.Enabled, false
AnalysisSetup, Analysis.Setup.Vector.Graph.Operation.Line1.Cursor2.Active, false
AnalysisSetup, Analysis.Setup.Vector.Graph.Operation.Line1.Cursor2.NormalX, 1.6666666666666667
AnalysisSetup, Analysis.Setup.Vector.Graph.Operation.Line1.Cursor2.NormalY, 0.99537859936011375
AnalysisSetup, Analysis.Setup.Vector.Graph.Operation.Line1.Gradient, 
AnalysisSetup, Analysis.Setup.Vector.Graph.Operation.Line2.Enabled, false
AnalysisSetup, Analysis.Setup.Vector.Graph.Operation.Line2.Active, false
AnalysisSetup, Analysis.Setup.Vector.Graph.Operation.Line2.Fix, false
AnalysisSetup, Analysis.Setup.Vector.Graph.Operation.Line2.Type, 1
AnalysisSetup, Analysis.Setup.Vector.Graph.Operation.Line2.YAxisIndex, 0
AnalysisSetup, Analysis.Setup.Vector.Graph.Operation.Line2.LastIndex, -1
AnalysisSetup, Analysis.Setup.Vector.Graph.Operation.Line2.LastStep, -1
AnalysisSetup, Analysis.Setup.Vector.Graph.Operation.Line2.Cursor1.Enabled, false
AnalysisSetup, Analysis.Setup.Vector.Graph.Operation.Line2.Cursor1.Active, false
AnalysisSetup, Analysis.Setup.Vector.Graph.Operation.Line2.Cursor1.NormalX, 1.6666666666666667
AnalysisSetup, Analysis.Setup.Vector.Graph.Operation.Line2.Cursor1.NormalY, 0.99537859936011375
AnalysisSetup, Analysis.Setup.Vector.Graph.Operation.Line2.Cursor2.Enabled, false
AnalysisSetup, Analysis.Setup.Vector.Graph.Operation.Line2.Cursor2.Active, false
AnalysisSetup, Analysis.Setup.Vector.Graph.Operation.Line2.Cursor2.NormalX, 1.6666666666666667
AnalysisSetup, Analysis.Setup.Vector.Graph.Operation.Line2.Cursor2.NormalY, 0.99537859936011375
AnalysisSetup, Analysis.Setup.Vector.Graph.Operation.Line2.Gradient, 
AnalysisSetup, Analysis.Setup.Vector.Graph.Preference.BackgroundColor, -1
AnalysisSetup, Analysis.Setup.Vector.Graph.Preference.TextColor, -16777216
AnalysisSetup, Analysis.Setup.Vector.Graph.Preference.GridColor, -3618616
AnalysisSetup, Analysis.Setup.Vector.Graph.Preference.LineColor, -65336
AnalysisSetup, Analysis.Setup.Vector.Graph.Preference.Var2LabelColor, -11513776
AnalysisSetup, Analysis.Setup.Vector.Graph.Preference.ChangeToColor, -24416
AnalysisSetup, Analysis.Setup.Vector.Graph.Preference.GridStyle, 0
AnalysisSetup, Analysis.Setup.Vector.Graph.Preference.LineStyle, 0
AnalysisSetup, Analysis.Setup.Vector.Graph.Preference.Var2LabelStyle, Adjacent
AnalysisSetup, Analysis.Setup.Vector.Graph.Preference.Plots.Y1.Visible, true
AnalysisSetup, Analysis.Setup.Vector.Graph.Preference.Plots.Y1.PlotColor, -16777036
AnalysisSetup, Analysis.Setup.Vector.Graph.Preference.Plots.Y1.Thickness, 1
AnalysisSetup, Analysis.Setup.Vector.Graph.Preference.Plots.Y1.PlotStyle, 0
AnalysisSetup, Analysis.Setup.Vector.Graph.Preference.Plots.Y2.Visible, true
AnalysisSetup, Analysis.Setup.Vector.Graph.Preference.Plots.Y2.PlotColor, -39936
AnalysisSetup, Analysis.Setup.Vector.Graph.Preference.Plots.Y2.Thickness, 1
AnalysisSetup, Analysis.Setup.Vector.Graph.Preference.Plots.Y2.PlotStyle, 0
AnalysisSetup, Analysis.Setup.Vector.Graph.Preference.Plots.Y3.Visible, true
AnalysisSetup, Analysis.Setup.Vector.Graph.Preference.Plots.Y3.PlotColor, -16731136
AnalysisSetup, Analysis.Setup.Vector.Graph.Preference.Plots.Y3.Thickness, 1
AnalysisSetup, Analysis.Setup.Vector.Graph.Preference.Plots.Y3.PlotStyle, 0
AnalysisSetup, Analysis.Setup.Vector.Graph.Preference.Plots.Y4.Visible, true
AnalysisSetup, Analysis.Setup.Vector.Graph.Preference.Plots.Y4.PlotColor, -8892376
AnalysisSetup, Analysis.Setup.Vector.Graph.Preference.Plots.Y4.Thickness, 1
AnalysisSetup, Analysis.Setup.Vector.Graph.Preference.Plots.Y4.PlotStyle, 0
AnalysisSetup, Analysis.Setup.Vector.Graph.Preference.Plots.Y5.Visible, true
AnalysisSetup, Analysis.Setup.Vector.Graph.Preference.Plots.Y5.PlotColor, -65536
AnalysisSetup, Analysis.Setup.Vector.Graph.Preference.Plots.Y5.Thickness, 1
AnalysisSetup, Analysis.Setup.Vector.Graph.Preference.Plots.Y5.PlotStyle, 0
AnalysisSetup, Analysis.Setup.Vector.Graph.Preference.Plots.Y6.Visible, true
AnalysisSetup, Analysis.Setup.Vector.Graph.Preference.Plots.Y6.PlotColor, -14336
AnalysisSetup, Analysis.Setup.Vector.Graph.Preference.Plots.Y6.Thickness, 1
AnalysisSetup, Analysis.Setup.Vector.Graph.Preference.Plots.Y6.PlotStyle, 0
AnalysisSetup, Analysis.Setup.Vector.Graph.Preference.Plots.Y7.Visible, true
AnalysisSetup, Analysis.Setup.Vector.Graph.Preference.Plots.Y7.PlotColor, -6946586
AnalysisSetup, Analysis.Setup.Vector.Graph.Preference.Plots.Y7.Thickness, 1
AnalysisSetup, Analysis.Setup.Vector.Graph.Preference.Plots.Y7.PlotStyle, 0
AnalysisSetup, Analysis.Setup.Vector.Graph.Preference.Plots.Y8.Visible, true
AnalysisSetup, Analysis.Setup.Vector.Graph.Preference.Plots.Y8.PlotColor, -16733546
AnalysisSetup, Analysis.Setup.Vector.Graph.Preference.Plots.Y8.Thickness, 1
AnalysisSetup, Analysis.Setup.Vector.Graph.Preference.Plots.Y8.PlotStyle, 0
AnalysisSetup, Analysis.Setup.Vector.Graph.Preference.Text.AxisTitle.FontName, Tahoma
AnalysisSetup, Analysis.Setup.Vector.Graph.Preference.Text.AxisTitle.RelativeSize, Medium
AnalysisSetup, Analysis.Setup.Vector.Graph.Preference.Text.AxisTitle.Size, 7
AnalysisSetup, Analysis.Setup.Vector.Graph.Preference.Text.ScaleText.FontName, Tahoma
AnalysisSetup, Analysis.Setup.Vector.Graph.Preference.Text.ScaleText.RelativeSize, Medium
AnalysisSetup, Analysis.Setup.Vector.Graph.Preference.Text.ScaleText.Size, 7
AnalysisSetup, Analysis.Setup.Vector.Graph.Preference.Text.Legend.FontName, Tahoma
AnalysisSetup, Analysis.Setup.Vector.Graph.Preference.Text.Legend.RelativeSize, Medium
AnalysisSetup, Analysis.Setup.Vector.Graph.Preference.Text.Legend.Size, 7
AnalysisSetup, Analysis.Setup.Vector.Graph.Preference.Scale.LogTickedDecadeCount, 6
AnalysisSetup, Analysis.Setup.Vector.Graph.Preference.LogoVisible, true
AnalysisSetup, Analysis.Setup.Vector.Graph.Preference.GridVisible, true
AnalysisSetup, Analysis.Setup.Vector.Graph.Preference.SetupSummaryVisible, false
AnalysisSetup, Analysis.Setup.Vector.Graph.Preference.ChangeColorEnabled, false
AnalysisSetup, Analysis.Setup.Vector.Graph.Preference.MinorTicksValueVisible, false
AnalysisSetup, Analysis.Setup.Vector.Graph.Preference.CursorFormat, 0
AnalysisSetup, Analysis.Setup.Vector.Graph.Preference.CursorDigits, 6
AnalysisSetup, Analysis.Setup.Vector.Graph.Preference.MarkerFormat, 0
AnalysisSetup, Analysis.Setup.Vector.Graph.Preference.MarkerDigits, 6
AnalysisSetup, Analysis.Setup.Vector.Graph.Preference.InterceptFormat, 0
AnalysisSetup, Analysis.Setup.Vector.Graph.Preference.InterceptDigits, 6
AnalysisSetup, Analysis.Setup.Vector.Graph.Preference.Var2LabelVisible, false
AnalysisSetup, Analysis.Setup.Vector.Graph.Preference.ParametersVisible, false
AnalysisSetup, Analysis.Setup.Vector.Graph.Preference.GridNumberFixity, false
AnalysisSetup, Analysis.Setup.Vector.Graph.Preference.AddsVerticalMargin, true
AnalysisSetup, Analysis.Setup.Vector.Graph.Notes, [VAR1] Unit=SMU1:MP, Name=V1, Direction=Double, Linear/Log=LINEAR, Start=0 V, Stop=-600 mV, Step=-10 mV, No. of Steps=61, Compliance=10 mA, Pwr Comp=OFF	[CONSTANTS] Unit=SMU2:MP, Name=V2, Source Mode=V, Source=0 V, Compliance=100 mA
AnalysisSetup, Analysis.Setup.Vector.Graph.SetupInfo, 		2E-05	2E-05	5
AnalysisSetup, Analysis.Setup.Preference.GraphVisible, true
AnalysisSetup, Analysis.Setup.Preference.ListVisible, true
AnalysisSetup, Analysis.Setup.Preference.ScalarVisible, true
AnalysisSetup, Analysis.Setup.Title, reset
Dimension1, 122, 122
Dimension2, 1, 1
DataName, V1, I1
DataValue, 0, 1.2272E-07
DataValue, -0.01, -4.6136E-06
DataValue, -0.02, -9.2871000000000013E-06
DataValue, -0.030000000000000002, -1.3924000000000001E-05
DataValue, -0.04, -1.8584E-05
DataValue, -0.05, -2.2892E-05
DataValue, -0.060000000000000005, -2.5316E-05
DataValue, -0.07, -2.522E-06
DataValue, -0.08, -2.5121E-06
DataValue, -0.090000000000000011, -2.8793E-06
DataValue, -0.1, -3.1880000000000002E-06
DataValue, -0.11, -3.6477000000000002E-06
DataValue, -0.12000000000000001, -3.9876000000000006E-06
DataValue, -0.13, -4.5027E-06
DataValue, -0.14, -4.7901E-06
DataValue, -0.15, -5.1514E-06
DataValue, -0.16, -5.4120000000000009E-06
DataValue, -0.17, -5.8202000000000006E-06
DataValue, -0.18000000000000002, -6.2481E-06
DataValue, -0.19, -6.5008000000000005E-06
DataValue, -0.2, -6.8298000000000011E-06
DataValue, -0.21000000000000002, -7.5888000000000009E-06
DataValue, -0.22, -7.7213E-06
DataValue, -0.23, -8.0394000000000013E-06
DataValue, -0.24000000000000002, -8.5675E-06
DataValue, -0.25, -7.8335E-06
DataValue, -0.26, -9.3279000000000009E-06
DataValue, -0.27, -9.9217E-06
DataValue, -0.28, -1.0264400000000001E-05
DataValue, -0.29000000000000004, -1.0704700000000001E-05
DataValue, -0.3, -1.144E-05
DataValue, -0.31, -1.136E-05
DataValue, -0.32, -1.1726000000000001E-05
DataValue, -0.33, -1.2814E-05
DataValue, -0.34, -1.3180000000000001E-05
DataValue, -0.35000000000000003, -1.399E-05
DataValue, -0.36000000000000004, -1.4432E-05
DataValue, -0.37, -1.5344E-05
DataValue, -0.38, -1.5972000000000002E-05
DataValue, -0.39, -1.7026E-05
DataValue, -0.4, -1.74E-05
DataValue, -0.41000000000000003, -1.7582000000000002E-05
DataValue, -0.42000000000000004, -1.8332E-05
DataValue, -0.43, -1.9882E-05
DataValue, -0.44, -2.0490000000000002E-05
DataValue, -0.45, -1.9808E-05
DataValue, -0.46, -2.1816E-05
DataValue, -0.47000000000000003, -2.2076E-05
DataValue, -0.48000000000000004, -2.3652E-05
DataValue, -0.49000000000000005, -2.4578E-05
DataValue, -0.5, -2.4526000000000002E-05
DataValue, -0.51, -2.275E-05
DataValue, -0.52, -1.9168E-05
DataValue, -0.53, -1.908E-05
DataValue, -0.54, -1.9648000000000002E-05
DataValue, -0.55, -1.987E-05
DataValue, -0.56, -2.0926E-05
DataValue, -0.57000000000000006, -2.1378E-05
DataValue, -0.58000000000000007, -2.3808E-05
DataValue, -0.59000000000000008, -2.3932E-05
DataValue, -0.6, -2.6866E-05
DataValue, -0.6, -2.705E-05
DataValue, -0.59000000000000008, -2.5304E-05
DataValue, -0.58000000000000007, -2.1216E-05
DataValue, -0.57000000000000006, -2.1008E-05
DataValue, -0.56, -2.0618E-05
DataValue, -0.55, -1.9984E-05
DataValue, -0.54, -1.7444E-05
DataValue, -0.53, -1.7216E-05
DataValue, -0.52, -1.5448000000000002E-05
DataValue, -0.51, -1.559E-05
DataValue, -0.5, -1.4714E-05
DataValue, -0.49000000000000005, -1.3678E-05
DataValue, -0.48000000000000004, -1.4116E-05
DataValue, -0.47000000000000003, -1.3732E-05
DataValue, -0.46, -1.2858000000000001E-05
DataValue, -0.45, -1.251E-05
DataValue, -0.44, -1.1906000000000001E-05
DataValue, -0.43, -1.1404E-05
DataValue, -0.42000000000000004, -1.0972000000000001E-05
DataValue, -0.41000000000000003, -1.1174E-05
DataValue, -0.4, -1.0172E-05
DataValue, -0.39, -9.541E-06
DataValue, -0.38, -9.1458000000000014E-06
DataValue, -0.37, -8.9485E-06
DataValue, -0.36000000000000004, -8.5982E-06
DataValue, -0.35000000000000003, -8.2961E-06
DataValue, -0.34, -8.0061000000000012E-06
DataValue, -0.33, -7.5974000000000012E-06
DataValue, -0.32, -7.2760000000000011E-06
DataValue, -0.31, -6.975400000000001E-06
DataValue, -0.3, -6.7373000000000007E-06
DataValue, -0.29000000000000004, -6.5620000000000009E-06
DataValue, -0.28, -6.241800000000001E-06
DataValue, -0.27, -5.8087000000000008E-06
DataValue, -0.26, -5.6955000000000008E-06
DataValue, -0.25, -5.3340000000000009E-06
DataValue, -0.24000000000000002, -5.0022E-06
DataValue, -0.23, -4.9837E-06
DataValue, -0.22, -4.8634000000000007E-06
DataValue, -0.21000000000000002, -4.6431000000000005E-06
DataValue, -0.2, -4.5011000000000008E-06
DataValue, -0.19, -3.9638E-06
DataValue, -0.18000000000000002, -3.8450000000000005E-06
DataValue, -0.17, -3.5059E-06
DataValue, -0.16, -3.4519000000000004E-06
DataValue, -0.15, -3.2619000000000005E-06
DataValue, -0.14, -2.8537000000000003E-06
DataValue, -0.13, -2.7221E-06
DataValue, -0.12000000000000001, -2.4845E-06
DataValue, -0.11, -2.3173000000000002E-06
DataValue, -0.1, -2.1396000000000002E-06
DataValue, -0.090000000000000011, -1.8620000000000001E-06
DataValue, -0.08, -1.7141000000000002E-06
DataValue, -0.07, -1.4474000000000001E-06
DataValue, -0.060000000000000005, -1.2297E-06
DataValue, -0.05, -1.0442E-06
DataValue, -0.04, -9.1944E-07
DataValue, -0.030000000000000002, -5.9126E-07
DataValue, -0.02, -4.1417999999999997E-07
DataValue, -0.01, -2.4202E-07
DataValue, 0, 4.1654E-09
SetupTitle, reset
PrimitiveTest, I/V Sweep
TestParameter, Context.MainFrame, B1500A
TestParameter, Channel.UnitType, SMU, SMU
TestParameter, Channel.Unit, SMU1:MP, SMU2:MP
TestParameter, Channel.IName, I1, I2
TestParameter, Channel.VName, V1, V2
TestParameter, Channel.Mode, V, V
TestParameter, Channel.Func, VAR1, CONST
TestParameter, Channel.Index, 
TestParameter, Channel.Time, 
TestParameter, Measurement.Port.Unit, SMU1:MP, SMU2:MP
TestParameter, Measurement.Port.SeriesResistor, NONE, NONE
TestParameter, Measurement.Port.Filter, ON, ON
TestParameter, Measurement.Port.OutputVoltageComparison, 0, 0
TestParameter, Measurement.Primary.Locus, Double
TestParameter, Measurement.Primary.Scale, LINEAR
TestParameter, Measurement.Primary.Start, 0
TestParameter, Measurement.Primary.Stop, -0.6
TestParameter, Measurement.Primary.Step, -0.01
TestParameter, Measurement.Primary.Compliance, 0.01
TestParameter, Measurement.Primary.PowerCompliance, 0
TestParameter, Measurement.Aborting.Condition, CONTINUE AT ANY
TestParameter, Measurement.PostOutput.Value, START
TestParameter, Measurement.PostOutput.Retention, OFF
TestParameter, Measurement.Bias.Source, 0, 0
TestParameter, Measurement.Bias.Compliance, 0.01, 0.1
TestParameter, Measurement.Monitor.Unit, SMU1:MP, SMU2:MP
TestParameter, Measurement.Monitor.Adc, HR ADC, HR ADC
TestParameter, Measurement.Monitor.Measurement, Compliance Side, Compliance Side
TestParameter, Measurement.Monitor.RangingMode, LIMITED, LIMITED
TestParameter, Measurement.Monitor.RangeBoundary, 1nA, 1nA
TestParameter, Measurement.Monitor.RangeRating, BY FULL RANGE, BY FULL RANGE
TestParameter, Measurement.Monitor.RangeRatingCoeff, 50, 50
TestParameter, Measurement.Timing.Hold, 0
TestParameter, Measurement.Timing.Delay, 0
TestParameter, Measurement.Adc.HighSpeed.Mode, AUTO
TestParameter, Measurement.Adc.HighSpeed.Coeff, 1
TestParameter, Measurement.Adc.HighResolution.AutoZero, OFF
TestParameter, Measurement.Adc.HighResolution.Mode, AUTO
TestParameter, Measurement.Adc.HighResolution.Coeff, 6
TestParameter, Measurement.WaitTime.Source.Coeff, 1
TestParameter, Measurement.WaitTime.Source.Offset, 0
TestParameter, Measurement.WaitTime.Monitor.Coeff, 1
TestParameter, Measurement.WaitTime.Monitor.Offset, 0
TestParameter, Output.Graph.Enabled, true
TestParameter, Output.Graph.AutoScaling, false
TestParameter, Output.Graph.XAxis.Data, V1
TestParameter, Output.Graph.XAxis.Scale, Linear
TestParameter, Output.Graph.XAxis.Left, 0
TestParameter, Output.Graph.XAxis.Right, -2
TestParameter, Output.Graph.XAxis.RunTimeAutoScale, true
TestParameter, Output.Graph.YAxis.Data, I1
TestParameter, Output.Graph.YAxis.Scale, Linear
TestParameter, Output.Graph.YAxis.Bottom, -0.01
TestParameter, Output.Graph.YAxis.Top, 0.01
TestParameter, Output.Graph.YAxis.Group, 
TestParameter, Output.Graph.YAxis.RunTimeAutoScale, true
TestParameter, AutoAnalysis.Interpolation, false
TestParameter, AutoAnalysis.Var2StepCount, 1
TestParameter, AutoAnalysis.Var2StepScript, 
TestParameter, AutoAnalysis.Line1.Enabled, false
TestParameter, AutoAnalysis.Line1.Type, 1
TestParameter, AutoAnalysis.Line1.Fix, True
TestParameter, AutoAnalysis.Line1.YAxis, 0
TestParameter, AutoAnalysis.Line1.Point1.Type, 0
TestParameter, AutoAnalysis.Line1.Point1.XY.X, 
TestParameter, AutoAnalysis.Line1.Point1.XY.Y, 
TestParameter, AutoAnalysis.Line1.Point1.Data.Var, 
TestParameter, AutoAnalysis.Line1.Point1.Data.Condition, 
TestParameter, AutoAnalysis.Line1.Point1.Data.Start, false
TestParameter, AutoAnalysis.Line1.Point1.Data.StartVar, 
TestParameter, AutoAnalysis.Line1.Point1.Data.StartCondition, 
TestParameter, AutoAnalysis.Line1.Point2.Type, 0
TestParameter, AutoAnalysis.Line1.Point2.XY.X, 
TestParameter, AutoAnalysis.Line1.Point2.XY.Y, 
TestParameter, AutoAnalysis.Line1.Point2.Data.Var, 
TestParameter, AutoAnalysis.Line1.Point2.Data.Condition, 
TestParameter, AutoAnalysis.Line1.Point2.Data.Start, false
TestParameter, AutoAnalysis.Line1.Point2.Data.StartVar, 
TestParameter, AutoAnalysis.Line1.Point2.Data.StartCondition, 
TestParameter, AutoAnalysis.Line1.GradientExpr, 0
TestParameter, AutoAnalysis.Line2.Enabled, false
TestParameter, AutoAnalysis.Line2.Type, 1
TestParameter, AutoAnalysis.Line2.Fix, True
TestParameter, AutoAnalysis.Line2.YAxis, 0
TestParameter, AutoAnalysis.Line2.Point1.Type, 0
TestParameter, AutoAnalysis.Line2.Point1.XY.X, 
TestParameter, AutoAnalysis.Line2.Point1.XY.Y, 
TestParameter, AutoAnalysis.Line2.Point1.Data.Var, 
TestParameter, AutoAnalysis.Line2.Point1.Data.Condition, 
TestParameter, AutoAnalysis.Line2.Point1.Data.Start, false
TestParameter, AutoAnalysis.Line2.Point1.Data.StartVar, 
TestParameter, AutoAnalysis.Line2.Point1.Data.StartCondition, 
TestParameter, AutoAnalysis.Line2.Point2.Type, 0
TestParameter, AutoAnalysis.Line2.Point2.XY.X, 
TestParameter, AutoAnalysis.Line2.Point2.XY.Y, 
TestParameter, AutoAnalysis.Line2.Point2.Data.Var, 
TestParameter, AutoAnalysis.Line2.Point2.Data.Condition, 
TestParameter, AutoAnalysis.Line2.Point2.Data.Start, false
TestParameter, AutoAnalysis.Line2.Point2.Data.StartVar, 
TestParameter, AutoAnalysis.Line2.Point2.Data.StartCondition, 
TestParameter, AutoAnalysis.Line2.GradientExpr, 0
TestParameter, AutoAnalysis.Marker.Enabled, false
TestParameter, AutoAnalysis.Marker.Data.Var, 
TestParameter, AutoAnalysis.Marker.Data.Condition, 
TestParameter, AutoAnalysis.Marker.Data.Start, false
TestParameter, AutoAnalysis.Marker.Data.StartVar, 
TestParameter, AutoAnalysis.Marker.Data.StartCondition, 
MetaData, TestRecord.EntryPoint, false
MetaData, TestRecord.RecordTime, 02/05/2026 18:27:20
MetaData, TestRecord.TestTarget, Knowm-D14-R0.6-cc0.2mA
MetaData, TestRecord.IterationIndex, 3
MetaData, TestRecord.Preservation, true
MetaData, TestRecord.Flag, 
MetaData, TestRecord.Remarks, 
MetaData, TestRecord.LinkKey, f4c6a2b7-4a69-4b1e-bd59-788500343e2b
MetaData, TestRecord.Parameters, 
AnalysisSetup, Analysis.Setup.Vector.Graph.Enabled, true
AnalysisSetup, Analysis.Setup.Vector.Graph.ActiveYAxis, 0
AnalysisSetup, Analysis.Setup.Vector.Graph.LeftYAxis, 0
AnalysisSetup, Analysis.Setup.Vector.Graph.RightYAxis, -1
AnalysisSetup, Analysis.Setup.Vector.Graph.XAxis.Name, V1
AnalysisSetup, Analysis.Setup.Vector.Graph.XAxis.GroupName, 
AnalysisSetup, Analysis.Setup.Vector.Graph.XAxis.RunTimeAutoScale, true
AnalysisSetup, Analysis.Setup.Vector.Graph.XAxis.Unit, V
AnalysisSetup, Analysis.Setup.Vector.Graph.XAxis.Scale, Linear
AnalysisSetup, Analysis.Setup.Vector.Graph.XAxis.Left, 0
AnalysisSetup, Analysis.Setup.Vector.Graph.XAxis.Right, -0.6
AnalysisSetup, Analysis.Setup.Vector.Graph.YAxis.Name, I1
AnalysisSetup, Analysis.Setup.Vector.Graph.YAxis.GroupName, 
AnalysisSetup, Analysis.Setup.Vector.Graph.YAxis.RunTimeAutoScale, true
AnalysisSetup, Analysis.Setup.Vector.Graph.YAxis.Unit, A
AnalysisSetup, Analysis.Setup.Vector.Graph.YAxis.Scale, Linear
AnalysisSetup, Analysis.Setup.Vector.Graph.YAxis.Bottom, -2.8E-05
AnalysisSetup, Analysis.Setup.Vector.Graph.YAxis.Top, 1.3E-07
AnalysisSetup, Analysis.Setup.Vector.Graph.Operation.Marker.Enabled, false
AnalysisSetup, Analysis.Setup.Vector.Graph.Operation.Marker.Interpolation, false
AnalysisSetup, Analysis.Setup.Vector.Graph.Operation.Marker.Index, 0
AnalysisSetup, Analysis.Setup.Vector.Graph.Operation.Marker.Step, 0
AnalysisSetup, Analysis.Setup.Vector.Graph.Operation.Cursor.Enabled, false
AnalysisSetup, Analysis.Setup.Vector.Graph.Operation.Cursor.Active, true
AnalysisSetup, Analysis.Setup.Vector.Graph.Operation.Cursor.NormalX, 1.6666666666666667
AnalysisSetup, Analysis.Setup.Vector.Graph.Operation.Cursor.NormalY, 0.99537859936011375
AnalysisSetup, Analysis.Setup.Vector.Graph.Operation.Line1.Enabled, false
AnalysisSetup, Analysis.Setup.Vector.Graph.Operation.Line1.Active, false
AnalysisSetup, Analysis.Setup.Vector.Graph.Operation.Line1.Fix, false
AnalysisSetup, Analysis.Setup.Vector.Graph.Operation.Line1.Type, 1
AnalysisSetup, Analysis.Setup.Vector.Graph.Operation.Line1.YAxisIndex, 0
AnalysisSetup, Analysis.Setup.Vector.Graph.Operation.Line1.LastIndex, -1
AnalysisSetup, Analysis.Setup.Vector.Graph.Operation.Line1.LastStep, -1
AnalysisSetup, Analysis.Setup.Vector.Graph.Operation.Line1.Cursor1.Enabled, false
AnalysisSetup, Analysis.Setup.Vector.Graph.Operation.Line1.Cursor1.Active, false
AnalysisSetup, Analysis.Setup.Vector.Graph.Operation.Line1.Cursor1.NormalX, 1.6666666666666667
AnalysisSetup, Analysis.Setup.Vector.Graph.Operation.Line1.Cursor1.NormalY, 0.99537859936011375
AnalysisSetup, Analysis.Setup.Vector.Graph.Operation.Line1.Cursor2.Enabled, false
AnalysisSetup, Analysis.Setup.Vector.Graph.Operation.Line1.Cursor2.Active, false
AnalysisSetup, Analysis.Setup.Vector.Graph.Operation.Line1.Cursor2.NormalX, 1.6666666666666667
AnalysisSetup, Analysis.Setup.Vector.Graph.Operation.Line1.Cursor2.NormalY, 0.99537859936011375
AnalysisSetup, Analysis.Setup.Vector.Graph.Operation.Line1.Gradient, 
AnalysisSetup, Analysis.Setup.Vector.Graph.Operation.Line2.Enabled, false
AnalysisSetup, Analysis.Setup.Vector.Graph.Operation.Line2.Active, false
AnalysisSetup, Analysis.Setup.Vector.Graph.Operation.Line2.Fix, false
AnalysisSetup, Analysis.Setup.Vector.Graph.Operation.Line2.Type, 1
AnalysisSetup, Analysis.Setup.Vector.Graph.Operation.Line2.YAxisIndex, 0
AnalysisSetup, Analysis.Setup.Vector.Graph.Operation.Line2.LastIndex, -1
AnalysisSetup, Analysis.Setup.Vector.Graph.Operation.Line2.LastStep, -1
AnalysisSetup, Analysis.Setup.Vector.Graph.Operation.Line2.Cursor1.Enabled, false
AnalysisSetup, Analysis.Setup.Vector.Graph.Operation.Line2.Cursor1.Active, false
AnalysisSetup, Analysis.Setup.Vector.Graph.Operation.Line2.Cursor1.NormalX, 1.6666666666666667
AnalysisSetup, Analysis.Setup.Vector.Graph.Operation.Line2.Cursor1.NormalY, 0.99537859936011375
AnalysisSetup, Analysis.Setup.Vector.Graph.Operation.Line2.Cursor2.Enabled, false
AnalysisSetup, Analysis.Setup.Vector.Graph.Operation.Line2.Cursor2.Active, false
AnalysisSetup, Analysis.Setup.Vector.Graph.Operation.Line2.Cursor2.NormalX, 1.6666666666666667
AnalysisSetup, Analysis.Setup.Vector.Graph.Operation.Line2.Cursor2.NormalY, 0.99537859936011375
AnalysisSetup, Analysis.Setup.Vector.Graph.Operation.Line2.Gradient, 
AnalysisSetup, Analysis.Setup.Vector.Graph.Preference.BackgroundColor, -1
AnalysisSetup, Analysis.Setup.Vector.Graph.Preference.TextColor, -16777216
AnalysisSetup, Analysis.Setup.Vector.Graph.Preference.GridColor, -3618616
AnalysisSetup, Analysis.Setup.Vector.Graph.Preference.LineColor, -65336
AnalysisSetup, Analysis.Setup.Vector.Graph.Preference.Var2LabelColor, -11513776
AnalysisSetup, Analysis.Setup.Vector.Graph.Preference.ChangeToColor, -24416
AnalysisSetup, Analysis.Setup.Vector.Graph.Preference.GridStyle, 0
AnalysisSetup, Analysis.Setup.Vector.Graph.Preference.LineStyle, 0
AnalysisSetup, Analysis.Setup.Vector.Graph.Preference.Var2LabelStyle, Adjacent
AnalysisSetup, Analysis.Setup.Vector.Graph.Preference.Plots.Y1.Visible, true
AnalysisSetup, Analysis.Setup.Vector.Graph.Preference.Plots.Y1.PlotColor, -16777036
AnalysisSetup, Analysis.Setup.Vector.Graph.Preference.Plots.Y1.Thickness, 1
AnalysisSetup, Analysis.Setup.Vector.Graph.Preference.Plots.Y1.PlotStyle, 0
AnalysisSetup, Analysis.Setup.Vector.Graph.Preference.Plots.Y2.Visible, true
AnalysisSetup, Analysis.Setup.Vector.Graph.Preference.Plots.Y2.PlotColor, -39936
AnalysisSetup, Analysis.Setup.Vector.Graph.Preference.Plots.Y2.Thickness, 1
AnalysisSetup, Analysis.Setup.Vector.Graph.Preference.Plots.Y2.PlotStyle, 0
AnalysisSetup, Analysis.Setup.Vector.Graph.Preference.Plots.Y3.Visible, true
AnalysisSetup, Analysis.Setup.Vector.Graph.Preference.Plots.Y3.PlotColor, -16731136
AnalysisSetup, Analysis.Setup.Vector.Graph.Preference.Plots.Y3.Thickness, 1
AnalysisSetup, Analysis.Setup.Vector.Graph.Preference.Plots.Y3.PlotStyle, 0
AnalysisSetup, Analysis.Setup.Vector.Graph.Preference.Plots.Y4.Visible, true
AnalysisSetup, Analysis.Setup.Vector.Graph.Preference.Plots.Y4.PlotColor, -8892376
AnalysisSetup, Analysis.Setup.Vector.Graph.Preference.Plots.Y4.Thickness, 1
AnalysisSetup, Analysis.Setup.Vector.Graph.Preference.Plots.Y4.PlotStyle, 0
AnalysisSetup, Analysis.Setup.Vector.Graph.Preference.Plots.Y5.Visible, true
AnalysisSetup, Analysis.Setup.Vector.Graph.Preference.Plots.Y5.PlotColor, -65536
AnalysisSetup, Analysis.Setup.Vector.Graph.Preference.Plots.Y5.Thickness, 1
AnalysisSetup, Analysis.Setup.Vector.Graph.Preference.Plots.Y5.PlotStyle, 0
AnalysisSetup, Analysis.Setup.Vector.Graph.Preference.Plots.Y6.Visible, true
AnalysisSetup, Analysis.Setup.Vector.Graph.Preference.Plots.Y6.PlotColor, -14336
AnalysisSetup, Analysis.Setup.Vector.Graph.Preference.Plots.Y6.Thickness, 1
AnalysisSetup, Analysis.Setup.Vector.Graph.Preference.Plots.Y6.PlotStyle, 0
AnalysisSetup, Analysis.Setup.Vector.Graph.Preference.Plots.Y7.Visible, true
AnalysisSetup, Analysis.Setup.Vector.Graph.Preference.Plots.Y7.PlotColor, -6946586
AnalysisSetup, Analysis.Setup.Vector.Graph.Preference.Plots.Y7.Thickness, 1
AnalysisSetup, Analysis.Setup.Vector.Graph.Preference.Plots.Y7.PlotStyle, 0
AnalysisSetup, Analysis.Setup.Vector.Graph.Preference.Plots.Y8.Visible, true
AnalysisSetup, Analysis.Setup.Vector.Graph.Preference.Plots.Y8.PlotColor, -16733546
AnalysisSetup, Analysis.Setup.Vector.Graph.Preference.Plots.Y8.Thickness, 1
AnalysisSetup, Analysis.Setup.Vector.Graph.Preference.Plots.Y8.PlotStyle, 0
AnalysisSetup, Analysis.Setup.Vector.Graph.Preference.Text.AxisTitle.FontName, Tahoma
AnalysisSetup, Analysis.Setup.Vector.Graph.Preference.Text.AxisTitle.RelativeSize, Medium
AnalysisSetup, Analysis.Setup.Vector.Graph.Preference.Text.AxisTitle.Size, 7
AnalysisSetup, Analysis.Setup.Vector.Graph.Preference.Text.ScaleText.FontName, Tahoma
AnalysisSetup, Analysis.Setup.Vector.Graph.Preference.Text.ScaleText.RelativeSize, Medium
AnalysisSetup, Analysis.Setup.Vector.Graph.Preference.Text.ScaleText.Size, 7
AnalysisSetup, Analysis.Setup.Vector.Graph.Preference.Text.Legend.FontName, Tahoma
AnalysisSetup, Analysis.Setup.Vector.Graph.Preference.Text.Legend.RelativeSize, Medium
AnalysisSetup, Analysis.Setup.Vector.Graph.Preference.Text.Legend.Size, 7
AnalysisSetup, Analysis.Setup.Vector.Graph.Preference.Scale.LogTickedDecadeCount, 6
AnalysisSetup, Analysis.Setup.Vector.Graph.Preference.LogoVisible, true
AnalysisSetup, Analysis.Setup.Vector.Graph.Preference.GridVisible, true
AnalysisSetup, Analysis.Setup.Vector.Graph.Preference.SetupSummaryVisible, false
AnalysisSetup, Analysis.Setup.Vector.Graph.Preference.ChangeColorEnabled, false
AnalysisSetup, Analysis.Setup.Vector.Graph.Preference.MinorTicksValueVisible, false
AnalysisSetup, Analysis.Setup.Vector.Graph.Preference.CursorFormat, 0
AnalysisSetup, Analysis.Setup.Vector.Graph.Preference.CursorDigits, 6
AnalysisSetup, Analysis.Setup.Vector.Graph.Preference.MarkerFormat, 0
AnalysisSetup, Analysis.Setup.Vector.Graph.Preference.MarkerDigits, 6
AnalysisSetup, Analysis.Setup.Vector.Graph.Preference.InterceptFormat, 0
AnalysisSetup, Analysis.Setup.Vector.Graph.Preference.InterceptDigits, 6
AnalysisSetup, Analysis.Setup.Vector.Graph.Preference.Var2LabelVisible, false
AnalysisSetup, Analysis.Setup.Vector.Graph.Preference.ParametersVisible, false
AnalysisSetup, Analysis.Setup.Vector.Graph.Preference.GridNumberFixity, false
AnalysisSetup, Analysis.Setup.Vector.Graph.Preference.AddsVerticalMargin, true
AnalysisSetup, Analysis.Setup.Vector.Graph.Notes, [VAR1] Unit=SMU1:MP, Name=V1, Direction=Double, Linear/Log=LINEAR, Start=0 V, Stop=-600 mV, Step=-10 mV, No. of Steps=61, Compliance=10 mA, Pwr Comp=OFF	[CONSTANTS] Unit=SMU2:MP, Name=V2, Source Mode=V, Source=0 V, Compliance=100 mA
AnalysisSetup, Analysis.Setup.Vector.Graph.SetupInfo, 		2E-05	2E-05	5
AnalysisSetup, Analysis.Setup.Preference.GraphVisible, true
AnalysisSetup, Analysis.Setup.Preference.ListVisible, true
AnalysisSetup, Analysis.Setup.Preference.ScalarVisible, true
AnalysisSetup, Analysis.Setup.Title, reset
Dimension1, 122, 122
Dimension2, 1, 1
DataName, V1, I1
DataValue, 0, 1.2272E-07
DataValue, -0.01, -4.6136E-06
DataValue, -0.02, -9.2871000000000013E-06
DataValue, -0.030000000000000002, -1.3924000000000001E-05
DataValue, -0.04, -1.8584E-05
DataValue, -0.05, -2.2892E-05
DataValue, -0.060000000000000005, -2.5316E-05
DataValue, -0.07, -2.522E-06
DataValue, -0.08, -2.5121E-06
DataValue, -0.090000000000000011, -2.8793E-06
DataValue, -0.1, -3.1880000000000002E-06
DataValue, -0.11, -3.6477000000000002E-06
DataValue, -0.12000000000000001, -3.9876000000000006E-06
DataValue, -0.13, -4.5027E-06
DataValue, -0.14, -4.7901E-06
DataValue, -0.15, -5.1514E-06
DataValue, -0.16, -5.4120000000000009E-06
DataValue, -0.17, -5.8202000000000006E-06
DataValue, -0.18000000000000002, -6.2481E-06
DataValue, -0.19, -6.5008000000000005E-06
DataValue, -0.2, -6.8298000000000011E-06
DataValue, -0.21000000000000002, -7.5888000000000009E-06
DataValue, -0.22, -7.7213E-06
DataValue, -0.23, -8.0394000000000013E-06
DataValue, -0.24000000000000002, -8.5675E-06
DataValue, -0.25, -7.8335E-06
DataValue, -0.26, -9.3279000000000009E-06
DataValue, -0.27, -9.9217E-06
DataValue, -0.28, -1.0264400000000001E-05
DataValue, -0.29000000000000004, -1.0704700000000001E-05
DataValue, -0.3, -1.144E-05
DataValue, -0.31, -1.136E-05
DataValue, -0.32, -1.1726000000000001E-05
DataValue, -0.33, -1.2814E-05
DataValue, -0.34, -1.3180000000000001E-05
DataValue, -0.35000000000000003, -1.399E-05
DataValue, -0.36000000000000004, -1.4432E-05
DataValue, -0.37, -1.5344E-05
DataValue, -0.38, -1.5972000000000002E-05
DataValue, -0.39, -1.7026E-05
DataValue, -0.4, -1.74E-05
DataValue, -0.41000000000000003, -1.7582000000000002E-05
DataValue, -0.42000000000000004, -1.8332E-05
DataValue, -0.43, -1.9882E-05
DataValue, -0.44, -2.0490000000000002E-05
DataValue, -0.45, -1.9808E-05
DataValue, -0.46, -2.1816E-05
DataValue, -0.47000000000000003, -2.2076E-05
DataValue, -0.48000000000000004, -2.3652E-05
DataValue, -0.49000000000000005, -2.4578E-05
DataValue, -0.5, -2.4526000000000002E-05
DataValue, -0.51, -2.275E-05
DataValue, -0.52, -1.9168E-05
DataValue, -0.53, -1.908E-05
DataValue, -0.54, -1.9648000000000002E-05
DataValue, -0.55, -1.987E-05
DataValue, -0.56, -2.0926E-05
DataValue, -0.57000000000000006, -2.1378E-05
DataValue, -0.58000000000000007, -2.3808E-05
DataValue, -0.59000000000000008, -2.3932E-05
DataValue, -0.6, -2.6866E-05
DataValue, -0.6, -2.705E-05
DataValue, -0.59000000000000008, -2.5304E-05
DataValue, -0.58000000000000007, -2.1216E-05
DataValue, -0.57000000000000006, -2.1008E-05
DataValue, -0.56, -2.0618E-05
DataValue, -0.55, -1.9984E-05
DataValue, -0.54, -1.7444E-05
DataValue, -0.53, -1.7216E-05
DataValue, -0.52, -1.5448000000000002E-05
DataValue, -0.51, -1.559E-05
DataValue, -0.5, -1.4714E-05
DataValue, -0.49000000000000005, -1.3678E-05
DataValue, -0.48000000000000004, -1.4116E-05
DataValue, -0.47000000000000003, -1.3732E-05
DataValue, -0.46, -1.2858000000000001E-05
DataValue, -0.45, -1.251E-05
DataValue, -0.44, -1.1906000000000001E-05
DataValue, -0.43, -1.1404E-05
DataValue, -0.42000000000000004, -1.0972000000000001E-05
DataValue, -0.41000000000000003, -1.1174E-05
DataValue, -0.4, -1.0172E-05
DataValue, -0.39, -9.541E-06
DataValue, -0.38, -9.1458000000000014E-06
DataValue, -0.37, -8.9485E-06
DataValue, -0.36000000000000004, -8.5982E-06
DataValue, -0.35000000000000003, -8.2961E-06
DataValue, -0.34, -8.0061000000000012E-06
DataValue, -0.33, -7.5974000000000012E-06
DataValue, -0.32, -7.2760000000000011E-06
DataValue, -0.31, -6.975400000000001E-06
DataValue, -0.3, -6.7373000000000007E-06
DataValue, -0.29000000000000004, -6.5620000000000009E-06
DataValue, -0.28, -6.241800000000001E-06
DataValue, -0.27, -5.8087000000000008E-06
DataValue, -0.26, -5.6955000000000008E-06
DataValue, -0.25, -5.3340000000000009E-06
DataValue, -0.24000000000000002, -5.0022E-06
DataValue, -0.23, -4.9837E-06
DataValue, -0.22, -4.8634000000000007E-06
DataValue, -0.21000000000000002, -4.6431000000000005E-06
DataValue, -0.2, -4.5011000000000008E-06
DataValue, -0.19, -3.9638E-06
DataValue, -0.18000000000000002, -3.8450000000000005E-06
DataValue, -0.17, -3.5059E-06
DataValue, -0.16, -3.4519000000000004E-06
DataValue, -0.15, -3.2619000000000005E-06
DataValue, -0.14, -2.8537000000000003E-06
DataValue, -0.13, -2.7221E-06
DataValue, -0.12000000000000001, -2.4845E-06
DataValue, -0.11, -2.3173000000000002E-06
DataValue, -0.1, -2.1396000000000002E-06
DataValue, -0.090000000000000011, -1.8620000000000001E-06
DataValue, -0.08, -1.7141000000000002E-06
DataValue, -0.07, -1.4474000000000001E-06
DataValue, -0.060000000000000005, -1.2297E-06
DataValue, -0.05, -1.0442E-06
DataValue, -0.04, -9.1944E-07
DataValue, -0.030000000000000002, -5.9126E-07
DataValue, -0.02, -4.1417999999999997E-07
DataValue, -0.01, -2.4202E-07
DataValue, 0, 4.1654E-09
SetupTitle, set
PrimitiveTest, I/V Sweep
TestParameter, Context.MainFrame, B1500A
TestParameter, Channel.UnitType, SMU, SMU
TestParameter, Channel.Unit, SMU1:MP, SMU2:MP
TestParameter, Channel.IName, I1, I2
TestParameter, Channel.VName, V1, V2
TestParameter, Channel.Mode, V, V
TestParameter, Channel.Func, VAR1, CONST
TestParameter, Channel.Index, 
TestParameter, Channel.Time, 
TestParameter, Measurement.Port.Unit, SMU1:MP, SMU2:MP
TestParameter, Measurement.Port.SeriesResistor, NONE, NONE
TestParameter, Measurement.Port.Filter, ON, ON
TestParameter, Measurement.Port.OutputVoltageComparison, 0, 0
TestParameter, Measurement.Primary.Locus, Double
TestParameter, Measurement.Primary.Scale, LINEAR
TestParameter, Measurement.Primary.Start, 0
TestParameter, Measurement.Primary.Stop, 2
TestParameter, Measurement.Primary.Step, 0.01
TestParameter, Measurement.Primary.Compliance, 0.0001
TestParameter, Measurement.Primary.PowerCompliance, 0
TestParameter, Measurement.Aborting.Condition, CONTINUE AT ANY
TestParameter, Measurement.PostOutput.Value, START
TestParameter, Measurement.PostOutput.Retention, OFF
TestParameter, Measurement.Bias.Source, 0, 0
TestParameter, Measurement.Bias.Compliance, 0.0001, 0.1
TestParameter, Measurement.Monitor.Unit, SMU1:MP, SMU2:MP
TestParameter, Measurement.Monitor.Adc, HR ADC, HR ADC
TestParameter, Measurement.Monitor.Measurement, Compliance Side, Compliance Side
TestParameter, Measurement.Monitor.RangingMode, LIMITED, LIMITED
TestParameter, Measurement.Monitor.RangeBoundary, 1nA, 1nA
TestParameter, Measurement.Monitor.RangeRating, BY FULL RANGE, BY FULL RANGE
TestParameter, Measurement.Monitor.RangeRatingCoeff, 50, 50
TestParameter, Measurement.Timing.Hold, 0
TestParameter, Measurement.Timing.Delay, 0
TestParameter, Measurement.Adc.HighSpeed.Mode, AUTO
TestParameter, Measurement.Adc.HighSpeed.Coeff, 1
TestParameter, Measurement.Adc.HighResolution.AutoZero, OFF
TestParameter, Measurement.Adc.HighResolution.Mode, AUTO
TestParameter, Measurement.Adc.HighResolution.Coeff, 6
TestParameter, Measurement.WaitTime.Source.Coeff, 1
TestParameter, Measurement.WaitTime.Source.Offset, 0
TestParameter, Measurement.WaitTime.Monitor.Coeff, 1
TestParameter, Measurement.WaitTime.Monitor.Offset, 0
TestParameter, Output.Graph.Enabled, true
TestParameter, Output.Graph.AutoScaling, false
TestParameter, Output.Graph.XAxis.Data, V1
TestParameter, Output.Graph.XAxis.Scale, Linear
TestParameter, Output.Graph.XAxis.Left, 0
TestParameter, Output.Graph.XAxis.Right, 5
TestParameter, Output.Graph.XAxis.RunTimeAutoScale, true
TestParameter, Output.Graph.YAxis.Data, I1
TestParameter, Output.Graph.YAxis.Scale, Linear
TestParameter, Output.Graph.YAxis.Bottom, -0.0005
TestParameter, Output.Graph.YAxis.Top, 0.0005
TestParameter, Output.Graph.YAxis.Group, 
TestParameter, Output.Graph.YAxis.RunTimeAutoScale, true
TestParameter, AutoAnalysis.Interpolation, false
TestParameter, AutoAnalysis.Var2StepCount, 1
TestParameter, AutoAnalysis.Var2StepScript, 
TestParameter, AutoAnalysis.Line1.Enabled, false
TestParameter, AutoAnalysis.Line1.Type, 1
TestParameter, AutoAnalysis.Line1.Fix, True
TestParameter, AutoAnalysis.Line1.YAxis, 0
TestParameter, AutoAnalysis.Line1.Point1.Type, 0
TestParameter, AutoAnalysis.Line1.Point1.XY.X, 
TestParameter, AutoAnalysis.Line1.Point1.XY.Y, 
TestParameter, AutoAnalysis.Line1.Point1.Data.Var, 
TestParameter, AutoAnalysis.Line1.Point1.Data.Condition, 
TestParameter, AutoAnalysis.Line1.Point1.Data.Start, false
TestParameter, AutoAnalysis.Line1.Point1.Data.StartVar, 
TestParameter, AutoAnalysis.Line1.Point1.Data.StartCondition, 
TestParameter, AutoAnalysis.Line1.Point2.Type, 0
TestParameter, AutoAnalysis.Line1.Point2.XY.X, 
TestParameter, AutoAnalysis.Line1.Point2.XY.Y, 
TestParameter, AutoAnalysis.Line1.Point2.Data.Var, 
TestParameter, AutoAnalysis.Line1.Point2.Data.Condition, 
TestParameter, AutoAnalysis.Line1.Point2.Data.Start, false
TestParameter, AutoAnalysis.Line1.Point2.Data.StartVar, 
TestParameter, AutoAnalysis.Line1.Point2.Data.StartCondition, 
TestParameter, AutoAnalysis.Line1.GradientExpr, 0
TestParameter, AutoAnalysis.Line2.Enabled, false
TestParameter, AutoAnalysis.Line2.Type, 1
TestParameter, AutoAnalysis.Line2.Fix, True
TestParameter, AutoAnalysis.Line2.YAxis, 0
TestParameter, AutoAnalysis.Line2.Point1.Type, 0
TestParameter, AutoAnalysis.Line2.Point1.XY.X, 
TestParameter, AutoAnalysis.Line2.Point1.XY.Y, 
TestParameter, AutoAnalysis.Line2.Point1.Data.Var, 
TestParameter, AutoAnalysis.Line2.Point1.Data.Condition, 
TestParameter, AutoAnalysis.Line2.Point1.Data.Start, false
TestParameter, AutoAnalysis.Line2.Point1.Data.StartVar, 
TestParameter, AutoAnalysis.Line2.Point1.Data.StartCondition, 
TestParameter, AutoAnalysis.Line2.Point2.Type, 0
TestParameter, AutoAnalysis.Line2.Point2.XY.X, 
TestParameter, AutoAnalysis.Line2.Point2.XY.Y, 
TestParameter, AutoAnalysis.Line2.Point2.Data.Var, 
TestParameter, AutoAnalysis.Line2.Point2.Data.Condition, 
TestParameter, AutoAnalysis.Line2.Point2.Data.Start, false
TestParameter, AutoAnalysis.Line2.Point2.Data.StartVar, 
TestParameter, AutoAnalysis.Line2.Point2.Data.StartCondition, 
TestParameter, AutoAnalysis.Line2.GradientExpr, 0
TestParameter, AutoAnalysis.Marker.Enabled, false
TestParameter, AutoAnalysis.Marker.Data.Var, 
TestParameter, AutoAnalysis.Marker.Data.Condition, 
TestParameter, AutoAnalysis.Marker.Data.Start, false
TestParameter, AutoAnalysis.Marker.Data.StartVar, 
TestParameter, AutoAnalysis.Marker.Data.StartCondition, 
MetaData, TestRecord.EntryPoint, false
MetaData, TestRecord.RecordTime, 02/05/2026 18:27:17
MetaData, TestRecord.TestTarget, Knowm-D14-R0.6-cc0.2mA
MetaData, TestRecord.IterationIndex, 3
MetaData, TestRecord.Preservation, true
MetaData, TestRecord.Flag, 
MetaData, TestRecord.Remarks, 
MetaData, TestRecord.LinkKey, f4c6a2b7-4a69-4b1e-bd59-788500343e2b
MetaData, TestRecord.Parameters, 
AnalysisSetup, Analysis.Setup.Vector.Graph.Enabled, true
AnalysisSetup, Analysis.Setup.Vector.Graph.ActiveYAxis, 0
AnalysisSetup, Analysis.Setup.Vector.Graph.LeftYAxis, 0
AnalysisSetup, Analysis.Setup.Vector.Graph.RightYAxis, -1
AnalysisSetup, Analysis.Setup.Vector.Graph.XAxis.Name, V1
AnalysisSetup, Analysis.Setup.Vector.Graph.XAxis.GroupName, 
AnalysisSetup, Analysis.Setup.Vector.Graph.XAxis.RunTimeAutoScale, true
AnalysisSetup, Analysis.Setup.Vector.Graph.XAxis.Unit, V
AnalysisSetup, Analysis.Setup.Vector.Graph.XAxis.Scale, Linear
AnalysisSetup, Analysis.Setup.Vector.Graph.XAxis.Left, 0
AnalysisSetup, Analysis.Setup.Vector.Graph.XAxis.Right, 2
AnalysisSetup, Analysis.Setup.Vector.Graph.YAxis.Name, I1
AnalysisSetup, Analysis.Setup.Vector.Graph.YAxis.GroupName, 
AnalysisSetup, Analysis.Setup.Vector.Graph.YAxis.RunTimeAutoScale, true
AnalysisSetup, Analysis.Setup.Vector.Graph.YAxis.Unit, A
AnalysisSetup, Analysis.Setup.Vector.Graph.YAxis.Scale, Linear
AnalysisSetup, Analysis.Setup.Vector.Graph.YAxis.Bottom, 1.4E-08
AnalysisSetup, Analysis.Setup.Vector.Graph.YAxis.Top, 0.00011
AnalysisSetup, Analysis.Setup.Vector.Graph.Operation.Marker.Enabled, false
AnalysisSetup, Analysis.Setup.Vector.Graph.Operation.Marker.Interpolation, false
AnalysisSetup, Analysis.Setup.Vector.Graph.Operation.Marker.Index, 0
AnalysisSetup, Analysis.Setup.Vector.Graph.Operation.Marker.Step, 0
AnalysisSetup, Analysis.Setup.Vector.Graph.Operation.Cursor.Enabled, false
AnalysisSetup, Analysis.Setup.Vector.Graph.Operation.Cursor.Active, true
AnalysisSetup, Analysis.Setup.Vector.Graph.Operation.Cursor.NormalX, 1.25
AnalysisSetup, Analysis.Setup.Vector.Graph.Operation.Cursor.NormalY, -0.00012728892768170495
AnalysisSetup, Analysis.Setup.Vector.Graph.Operation.Line1.Enabled, false
AnalysisSetup, Analysis.Setup.Vector.Graph.Operation.Line1.Active, false
AnalysisSetup, Analysis.Setup.Vector.Graph.Operation.Line1.Fix, false
AnalysisSetup, Analysis.Setup.Vector.Graph.Operation.Line1.Type, 1
AnalysisSetup, Analysis.Setup.Vector.Graph.Operation.Line1.YAxisIndex, 0
AnalysisSetup, Analysis.Setup.Vector.Graph.Operation.Line1.LastIndex, -1
AnalysisSetup, Analysis.Setup.Vector.Graph.Operation.Line1.LastStep, -1
AnalysisSetup, Analysis.Setup.Vector.Graph.Operation.Line1.Cursor1.Enabled, false
AnalysisSetup, Analysis.Setup.Vector.Graph.Operation.Line1.Cursor1.Active, false
AnalysisSetup, Analysis.Setup.Vector.Graph.Operation.Line1.Cursor1.NormalX, 1.25
AnalysisSetup, Analysis.Setup.Vector.Graph.Operation.Line1.Cursor1.NormalY, -0.00012728892768170495
AnalysisSetup, Analysis.Setup.Vector.Graph.Operation.Line1.Cursor2.Enabled, false
AnalysisSetup, Analysis.Setup.Vector.Graph.Operation.Line1.Cursor2.Active, false
AnalysisSetup, Analysis.Setup.Vector.Graph.Operation.Line1.Cursor2.NormalX, 1.25
AnalysisSetup, Analysis.Setup.Vector.Graph.Operation.Line1.Cursor2.NormalY, -0.00012728892768170495
AnalysisSetup, Analysis.Setup.Vector.Graph.Operation.Line1.Gradient, 
AnalysisSetup, Analysis.Setup.Vector.Graph.Operation.Line2.Enabled, false
AnalysisSetup, Analysis.Setup.Vector.Graph.Operation.Line2.Active, false
AnalysisSetup, Analysis.Setup.Vector.Graph.Operation.Line2.Fix, false
AnalysisSetup, Analysis.Setup.Vector.Graph.Operation.Line2.Type, 1
AnalysisSetup, Analysis.Setup.Vector.Graph.Operation.Line2.YAxisIndex, 0
AnalysisSetup, Analysis.Setup.Vector.Graph.Operation.Line2.LastIndex, -1
AnalysisSetup, Analysis.Setup.Vector.Graph.Operation.Line2.LastStep, -1
AnalysisSetup, Analysis.Setup.Vector.Graph.Operation.Line2.Cursor1.Enabled, false
AnalysisSetup, Analysis.Setup.Vector.Graph.Operation.Line2.Cursor1.Active, false
AnalysisSetup, Analysis.Setup.Vector.Graph.Operation.Line2.Cursor1.NormalX, 1.25
AnalysisSetup, Analysis.Setup.Vector.Graph.Operation.Line2.Cursor1.NormalY, -0.00012728892768170495
AnalysisSetup, Analysis.Setup.Vector.Graph.Operation.Line2.Cursor2.Enabled, false
AnalysisSetup, Analysis.Setup.Vector.Graph.Operation.Line2.Cursor2.Active, false
AnalysisSetup, Analysis.Setup.Vector.Graph.Operation.Line2.Cursor2.NormalX, 1.25
AnalysisSetup, Analysis.Setup.Vector.Graph.Operation.Line2.Cursor2.NormalY, -0.00012728892768170495
AnalysisSetup, Analysis.Setup.Vector.Graph.Operation.Line2.Gradient, 
AnalysisSetup, Analysis.Setup.Vector.Graph.Preference.BackgroundColor, -1
AnalysisSetup, Analysis.Setup.Vector.Graph.Preference.TextColor, -16777216
AnalysisSetup, Analysis.Setup.Vector.Graph.Preference.GridColor, -3618616
AnalysisSetup, Analysis.Setup.Vector.Graph.Preference.LineColor, -65336
AnalysisSetup, Analysis.Setup.Vector.Graph.Preference.Var2LabelColor, -11513776
AnalysisSetup, Analysis.Setup.Vector.Graph.Preference.ChangeToColor, -24416
AnalysisSetup, Analysis.Setup.Vector.Graph.Preference.GridStyle, 0
AnalysisSetup, Analysis.Setup.Vector.Graph.Preference.LineStyle, 0
AnalysisSetup, Analysis.Setup.Vector.Graph.Preference.Var2LabelStyle, Adjacent
AnalysisSetup, Analysis.Setup.Vector.Graph.Preference.Plots.Y1.Visible, true
AnalysisSetup, Analysis.Setup.Vector.Graph.Preference.Plots.Y1.PlotColor, -16777036
AnalysisSetup, Analysis.Setup.Vector.Graph.Preference.Plots.Y1.Thickness, 1
AnalysisSetup, Analysis.Setup.Vector.Graph.Preference.Plots.Y1.PlotStyle, 0
AnalysisSetup, Analysis.Setup.Vector.Graph.Preference.Plots.Y2.Visible, true
AnalysisSetup, Analysis.Setup.Vector.Graph.Preference.Plots.Y2.PlotColor, -39936
AnalysisSetup, Analysis.Setup.Vector.Graph.Preference.Plots.Y2.Thickness, 1
AnalysisSetup, Analysis.Setup.Vector.Graph.Preference.Plots.Y2.PlotStyle, 0
AnalysisSetup, Analysis.Setup.Vector.Graph.Preference.Plots.Y3.Visible, true
AnalysisSetup, Analysis.Setup.Vector.Graph.Preference.Plots.Y3.PlotColor, -16731136
AnalysisSetup, Analysis.Setup.Vector.Graph.Preference.Plots.Y3.Thickness, 1
AnalysisSetup, Analysis.Setup.Vector.Graph.Preference.Plots.Y3.PlotStyle, 0
AnalysisSetup, Analysis.Setup.Vector.Graph.Preference.Plots.Y4.Visible, true
AnalysisSetup, Analysis.Setup.Vector.Graph.Preference.Plots.Y4.PlotColor, -8892376
AnalysisSetup, Analysis.Setup.Vector.Graph.Preference.Plots.Y4.Thickness, 1
AnalysisSetup, Analysis.Setup.Vector.Graph.Preference.Plots.Y4.PlotStyle, 0
AnalysisSetup, Analysis.Setup.Vector.Graph.Preference.Plots.Y5.Visible, true
AnalysisSetup, Analysis.Setup.Vector.Graph.Preference.Plots.Y5.PlotColor, -65536
AnalysisSetup, Analysis.Setup.Vector.Graph.Preference.Plots.Y5.Thickness, 1
AnalysisSetup, Analysis.Setup.Vector.Graph.Preference.Plots.Y5.PlotStyle, 0
AnalysisSetup, Analysis.Setup.Vector.Graph.Preference.Plots.Y6.Visible, true
AnalysisSetup, Analysis.Setup.Vector.Graph.Preference.Plots.Y6.PlotColor, -14336
AnalysisSetup, Analysis.Setup.Vector.Graph.Preference.Plots.Y6.Thickness, 1
AnalysisSetup, Analysis.Setup.Vector.Graph.Preference.Plots.Y6.PlotStyle, 0
AnalysisSetup, Analysis.Setup.Vector.Graph.Preference.Plots.Y7.Visible, true
AnalysisSetup, Analysis.Setup.Vector.Graph.Preference.Plots.Y7.PlotColor, -6946586
AnalysisSetup, Analysis.Setup.Vector.Graph.Preference.Plots.Y7.Thickness, 1
AnalysisSetup, Analysis.Setup.Vector.Graph.Preference.Plots.Y7.PlotStyle, 0
AnalysisSetup, Analysis.Setup.Vector.Graph.Preference.Plots.Y8.Visible, true
AnalysisSetup, Analysis.Setup.Vector.Graph.Preference.Plots.Y8.PlotColor, -16733546
AnalysisSetup, Analysis.Setup.Vector.Graph.Preference.Plots.Y8.Thickness, 1
AnalysisSetup, Analysis.Setup.Vector.Graph.Preference.Plots.Y8.PlotStyle, 0
AnalysisSetup, Analysis.Setup.Vector.Graph.Preference.Text.AxisTitle.FontName, Tahoma
AnalysisSetup, Analysis.Setup.Vector.Graph.Preference.Text.AxisTitle.RelativeSize, Medium
AnalysisSetup, Analysis.Setup.Vector.Graph.Preference.Text.AxisTitle.Size, 7
AnalysisSetup, Analysis.Setup.Vector.Graph.Preference.Text.ScaleText.FontName, Tahoma
AnalysisSetup, Analysis.Setup.Vector.Graph.Preference.Text.ScaleText.RelativeSize, Medium
AnalysisSetup, Analysis.Setup.Vector.Graph.Preference.Text.ScaleText.Size, 7
AnalysisSetup, Analysis.Setup.Vector.Graph.Preference.Text.Legend.FontName, Tahoma
AnalysisSetup, Analysis.Setup.Vector.Graph.Preference.Text.Legend.RelativeSize, Medium
AnalysisSetup, Analysis.Setup.Vector.Graph.Preference.Text.Legend.Size, 7
AnalysisSetup, Analysis.Setup.Vector.Graph.Preference.Scale.LogTickedDecadeCount, 6
AnalysisSetup, Analysis.Setup.Vector.Graph.Preference.LogoVisible, true
AnalysisSetup, Analysis.Setup.Vector.Graph.Preference.GridVisible, true
AnalysisSetup, Analysis.Setup.Vector.Graph.Preference.SetupSummaryVisible, false
AnalysisSetup, Analysis.Setup.Vector.Graph.Preference.ChangeColorEnabled, false
AnalysisSetup, Analysis.Setup.Vector.Graph.Preference.MinorTicksValueVisible, false
AnalysisSetup, Analysis.Setup.Vector.Graph.Preference.CursorFormat, 0
AnalysisSetup, Analysis.Setup.Vector.Graph.Preference.CursorDigits, 6
AnalysisSetup, Analysis.Setup.Vector.Graph.Preference.MarkerFormat, 0
AnalysisSetup, Analysis.Setup.Vector.Graph.Preference.MarkerDigits, 6
AnalysisSetup, Analysis.Setup.Vector.Graph.Preference.InterceptFormat, 0
AnalysisSetup, Analysis.Setup.Vector.Graph.Preference.InterceptDigits, 6
AnalysisSetup, Analysis.Setup.Vector.Graph.Preference.Var2LabelVisible, false
AnalysisSetup, Analysis.Setup.Vector.Graph.Preference.ParametersVisible, false
AnalysisSetup, Analysis.Setup.Vector.Graph.Preference.GridNumberFixity, false
AnalysisSetup, Analysis.Setup.Vector.Graph.Preference.AddsVerticalMargin, true
AnalysisSetup, Analysis.Setup.Vector.Graph.Notes, [VAR1] Unit=SMU1:MP, Name=V1, Direction=Double, Linear/Log=LINEAR, Start=0 V, Stop=2 V, Step=10 mV, No. of Steps=201, Compliance=100 uA, Pwr Comp=OFF	[CONSTANTS] Unit=SMU2:MP, Name=V2, Source Mode=V, Source=0 V, Compliance=100 mA
AnalysisSetup, Analysis.Setup.Vector.Graph.SetupInfo, 		2E-05	2E-05	5
AnalysisSetup, Analysis.Setup.Preference.GraphVisible, true
AnalysisSetup, Analysis.Setup.Preference.ListVisible, true
AnalysisSetup, Analysis.Setup.Preference.ScalarVisible, true
AnalysisSetup, Analysis.Setup.Title, set
Dimension1, 402, 402
Dimension2, 1, 1
DataName, V1, I1
DataValue, 0, 1.4774599999999998E-08
DataValue, 0.01, 3.2594E-07
DataValue, 0.02, 5.1988E-07
DataValue, 0.030000000000000002, 8.2117999999999995E-07
DataValue, 0.04, 1.2299E-06
DataValue, 0.05, 1.4782E-06
DataValue, 0.060000000000000005, 1.8097000000000002E-06
DataValue, 0.07, 2.1661000000000003E-06
DataValue, 0.08, 2.466E-06
DataValue, 0.090000000000000011, 2.7777E-06
DataValue, 0.1, 3.2006000000000003E-06
DataValue, 0.11, 3.5651000000000004E-06
DataValue, 0.12000000000000001, 3.9646E-06
DataValue, 0.13, 4.3275000000000005E-06
DataValue, 0.14, 4.7749000000000006E-06
DataValue, 0.15, 4.9557000000000007E-06
DataValue, 0.16, 5.3538E-06
DataValue, 0.17, 5.6652E-06
DataValue, 0.18000000000000002, 6.3271000000000008E-06
DataValue, 0.19, 7.465200000000001E-06
DataValue, 0.2, 2.8930000000000003E-05
DataValue, 0.21000000000000002, 0.0001
DataValue, 0.22, 0.0001
DataValue, 0.23, 0.0001
DataValue, 0.24000000000000002, 0.0001
DataValue, 0.25, 9.9998E-05
DataValue, 0.26, 0.0001
DataValue, 0.27, 9.9998E-05
DataValue, 0.28, 9.9998E-05
DataValue, 0.29000000000000004, 0.0001
DataValue, 0.3, 9.9998E-05
DataValue, 0.31, 9.9998E-05
DataValue, 0.32, 0.0001
DataValue, 0.33, 0.0001
DataValue, 0.34, 9.9998E-05
DataValue, 0.35000000000000003, 9.9998E-05
DataValue, 0.36000000000000004, 9.9998E-05
DataValue, 0.37, 9.9998E-05
DataValue, 0.38, 9.9998E-05
DataValue, 0.39, 9.9998E-05
DataValue, 0.4, 9.9998E-05
DataValue, 0.41000000000000003, 0.0001
DataValue, 0.42000000000000004, 9.9998E-05
DataValue, 0.43, 9.9998E-05
DataValue, 0.44, 9.9998E-05
DataValue, 0.45, 9.9998E-05
DataValue, 0.46, 9.999600000000001E-05
DataValue, 0.47000000000000003, 9.9998E-05
DataValue, 0.48000000000000004, 0.0001
DataValue, 0.49000000000000005, 9.9998E-05
DataValue, 0.5, 9.9998E-05
DataValue, 0.51, 9.9998E-05
DataValue, 0.52, 0.0001
DataValue, 0.53, 0.0001
DataValue, 0.54, 9.9998E-05
DataValue, 0.55, 9.9998E-05
DataValue, 0.56, 9.9998E-05
DataValue, 0.57000000000000006, 9.9998E-05
DataValue, 0.58000000000000007, 9.9998E-05
DataValue, 0.59000000000000008, 9.9998E-05
DataValue, 0.6, 9.9998E-05
DataValue, 0.61, 9.9998E-05
DataValue, 0.62, 9.9998E-05
DataValue, 0.63, 9.9998E-05
DataValue, 0.64, 9.9998E-05
DataValue, 0.65, 9.9998E-05
DataValue, 0.66, 9.9998E-05
DataValue, 0.67, 9.9998E-05
DataValue, 0.68, 0.0001
DataValue, 0.69000000000000006, 9.999600000000001E-05
DataValue, 0.70000000000000007, 9.9998E-05
DataValue, 0.71000000000000008, 9.9998E-05
DataValue, 0.72000000000000008, 9.9998E-05
DataValue, 0.73, 9.9998E-05
DataValue, 0.74, 9.9998E-05
DataValue, 0.75, 0.0001
DataValue, 0.76, 9.9998E-05
DataValue, 0.77, 9.9998E-05
DataValue, 0.78, 9.9998E-05
DataValue, 0.79, 9.999600000000001E-05
DataValue, 0.8, 9.9998E-05
DataValue, 0.81, 9.9998E-05
DataValue, 0.82000000000000006, 9.9998E-05
DataValue, 0.83000000000000007, 9.999600000000001E-05
DataValue, 0.84000000000000008, 9.9998E-05
DataValue, 0.85000000000000009, 0.0001
DataValue, 0.86, 9.9998E-05
DataValue, 0.87, 9.9998E-05
DataValue, 0.88, 9.9998E-05
DataValue, 0.89, 9.9998E-05
DataValue, 0.9, 9.999600000000001E-05
DataValue, 0.91, 9.9998E-05
DataValue, 0.92, 9.9998E-05
DataValue, 0.93, 9.9998E-05
DataValue, 0.94000000000000006, 9.9998E-05
DataValue, 0.95000000000000007, 9.9998E-05
DataValue, 0.96000000000000008, 9.9998E-05
DataValue, 0.97000000000000008, 9.9998E-05
DataValue, 0.98000000000000009, 9.9998E-05
DataValue, 0.9900000000000001, 9.9998E-05
DataValue, 1, 9.9998E-05
DataValue, 1.01, 9.9998E-05
DataValue, 1.02, 9.9998E-05
DataValue, 1.03, 9.9998E-05
DataValue, 1.04, 9.9998E-05
DataValue, 1.05, 9.9998E-05
DataValue, 1.06, 0.0001
DataValue, 1.07, 9.9998E-05
DataValue, 1.08, 9.9998E-05
DataValue, 1.09, 9.9998E-05
DataValue, 1.1, 9.9998E-05
DataValue, 1.11, 9.9998E-05
DataValue, 1.12, 9.9998E-05
DataValue, 1.1300000000000001, 0.0001
DataValue, 1.1400000000000001, 9.9998E-05
DataValue, 1.1500000000000001, 9.9998E-05
DataValue, 1.1600000000000001, 9.9998E-05
DataValue, 1.1700000000000002, 9.9998E-05
DataValue, 1.1800000000000002, 9.9998E-05
DataValue, 1.19, 9.9998E-05
DataValue, 1.2, 9.9998E-05
DataValue, 1.21, 9.9998E-05
DataValue, 1.22, 9.9998E-05
DataValue, 1.23, 9.9998E-05
DataValue, 1.24, 9.9998E-05
DataValue, 1.25, 9.9998E-05
DataValue, 1.26, 9.9998E-05
DataValue, 1.27, 9.9998E-05
DataValue, 1.28, 9.9998E-05
DataValue, 1.29, 9.9998E-05
DataValue, 1.3, 9.9998E-05
DataValue, 1.31, 9.9998E-05
DataValue, 1.32, 9.9998E-05
DataValue, 1.33, 9.9998E-05
DataValue, 1.34, 9.9998E-05
DataValue, 1.35, 9.9998E-05
DataValue, 1.36, 9.9998E-05
DataValue, 1.37, 9.9998E-05
DataValue, 1.3800000000000001, 0.0001
DataValue, 1.3900000000000001, 9.9998E-05
DataValue, 1.4000000000000001, 9.9998E-05
DataValue, 1.4100000000000001, 0.0001
DataValue, 1.4200000000000002, 9.9998E-05
DataValue, 1.4300000000000002, 9.9998E-05
DataValue, 1.4400000000000002, 9.9998E-05
DataValue, 1.4500000000000002, 9.9998E-05
DataValue, 1.46, 9.9998E-05
DataValue, 1.47, 9.9998E-05
DataValue, 1.48, 0.0001
DataValue, 1.49, 0.0001
DataValue, 1.5, 0.0001
DataValue, 1.51, 9.9998E-05
DataValue, 1.52, 9.9998E-05
DataValue, 1.53, 9.9998E-05
DataValue, 1.54, 9.9998E-05
DataValue, 1.55, 9.9998E-05
DataValue, 1.56, 0.0001
DataValue, 1.57, 9.9998E-05
DataValue, 1.58, 9.9998E-05
DataValue, 1.59, 9.9998E-05
DataValue, 1.6, 9.9998E-05
DataValue, 1.61, 9.9998E-05
DataValue, 1.62, 0.0001
DataValue, 1.6300000000000001, 9.9998E-05
DataValue, 1.6400000000000001, 9.9998E-05
DataValue, 1.6500000000000001, 9.9998E-05
DataValue, 1.6600000000000001, 9.9998E-05
DataValue, 1.6700000000000002, 9.9998E-05
DataValue, 1.6800000000000002, 9.9998E-05
DataValue, 1.6900000000000002, 9.9998E-05
DataValue, 1.7000000000000002, 0.0001
DataValue, 1.7100000000000002, 9.9998E-05
DataValue, 1.72, 9.9998E-05
DataValue, 1.73, 0.0001
DataValue, 1.74, 0.0001
DataValue, 1.75, 0.0001
DataValue, 1.76, 9.9998E-05
DataValue, 1.77, 0.00010000200000000001
DataValue, 1.78, 9.9998E-05
DataValue, 1.79, 9.9998E-05
DataValue, 1.8, 9.9998E-05
DataValue, 1.81, 9.9998E-05
DataValue, 1.82, 9.9998E-05
DataValue, 1.83, 9.9998E-05
DataValue, 1.84, 9.9998E-05
DataValue, 1.85, 0.0001
DataValue, 1.86, 0.0001
DataValue, 1.87, 9.9998E-05
DataValue, 1.8800000000000001, 9.9998E-05
DataValue, 1.8900000000000001, 9.9998E-05
DataValue, 1.9000000000000001, 9.9998E-05
DataValue, 1.9100000000000001, 9.9998E-05
DataValue, 1.9200000000000002, 9.999600000000001E-05
DataValue, 1.9300000000000002, 9.9998E-05
DataValue, 1.9400000000000002, 9.9998E-05
DataValue, 1.9500000000000002, 9.9998E-05
DataValue, 1.9600000000000002, 0.0001
DataValue, 1.9700000000000002, 9.9998E-05
DataValue, 1.9800000000000002, 9.9998E-05
DataValue, 1.99, 9.9998E-05
DataValue, 2, 0.0001
DataValue, 2, 9.9998E-05
DataValue, 1.99, 9.9998E-05
DataValue, 1.9800000000000002, 9.9998E-05
DataValue, 1.9700000000000002, 9.999600000000001E-05
DataValue, 1.9600000000000002, 9.9998E-05
DataValue, 1.9500000000000002, 9.9998E-05
DataValue, 1.9400000000000002, 9.9998E-05
DataValue, 1.9300000000000002, 9.9998E-05
DataValue, 1.9200000000000002, 9.9998E-05
DataValue, 1.9100000000000001, 9.9998E-05
DataValue, 1.9000000000000001, 9.9998E-05
DataValue, 1.8900000000000001, 0.0001
DataValue, 1.8800000000000001, 0.0001
DataValue, 1.87, 9.9998E-05
DataValue, 1.86, 9.9998E-05
DataValue, 1.85, 9.999600000000001E-05
DataValue, 1.84, 0.0001
DataValue, 1.83, 9.9998E-05
DataValue, 1.82, 9.999600000000001E-05
DataValue, 1.81, 9.9998E-05
DataValue, 1.8, 9.9998E-05
DataValue, 1.79, 9.9998E-05
DataValue, 1.78, 9.9998E-05
DataValue, 1.77, 9.9998E-05
DataValue, 1.76, 9.9998E-05
DataValue, 1.75, 9.9998E-05
DataValue, 1.74, 9.9998E-05
DataValue, 1.73, 9.9998E-05
DataValue, 1.72, 9.9998E-05
DataValue, 1.7100000000000002, 9.9998E-05
DataValue, 1.7000000000000002, 9.9998E-05
DataValue, 1.6900000000000002, 9.9998E-05
DataValue, 1.6800000000000002, 9.9998E-05
DataValue, 1.6700000000000002, 0.0001
DataValue, 1.6600000000000001, 9.9998E-05
DataValue, 1.6500000000000001, 9.9998E-05
DataValue, 1.6400000000000001, 9.9998E-05
DataValue, 1.6300000000000001, 9.999600000000001E-05
DataValue, 1.62, 9.9998E-05
DataValue, 1.61, 9.9998E-05
DataValue, 1.6, 9.9998E-05
DataValue, 1.59, 0.0001
DataValue, 1.58, 9.999600000000001E-05
DataValue, 1.57, 9.9998E-05
DataValue, 1.56, 9.9998E-05
DataValue, 1.55, 0.0001
DataValue, 1.54, 9.9998E-05
DataValue, 1.53, 9.9998E-05
DataValue, 1.52, 9.9998E-05
DataValue, 1.51, 9.9998E-05
DataValue, 1.5, 9.9998E-05
DataValue, 1.49, 9.9998E-05
DataValue, 1.48, 9.9998E-05
DataValue, 1.47, 9.9998E-05
DataValue, 1.46, 9.9998E-05
DataValue, 1.4500000000000002, 9.9998E-05
DataValue, 1.4400000000000002, 9.9998E-05
DataValue, 1.4300000000000002, 9.9998E-05
DataValue, 1.4200000000000002, 9.9998E-05
DataValue, 1.4100000000000001, 9.9998E-05
DataValue, 1.4000000000000001, 9.9998E-05
DataValue, 1.3900000000000001, 0.0001
DataValue, 1.3800000000000001, 9.9998E-05
DataValue, 1.37, 0.0001
DataValue, 1.36, 9.9998E-05
DataValue, 1.35, 9.9998E-05
DataValue, 1.34, 9.9998E-05
DataValue, 1.33, 0.0001
DataValue, 1.32, 0.0001
DataValue, 1.31, 9.9998E-05
DataValue, 1.3, 9.9998E-05
DataValue, 1.29, 9.9998E-05
DataValue, 1.28, 9.9998E-05
DataValue, 1.27, 9.9998E-05
DataValue, 1.26, 9.9998E-05
DataValue, 1.25, 9.9998E-05
DataValue, 1.24, 9.9998E-05
DataValue, 1.23, 9.9998E-05
DataValue, 1.22, 0.0001
DataValue, 1.21, 9.9998E-05
DataValue, 1.2, 9.9998E-05
DataValue, 1.19, 0.0001
DataValue, 1.1800000000000002, 9.9998E-05
DataValue, 1.1700000000000002, 9.9998E-05
DataValue, 1.1600000000000001, 0.0001
DataValue, 1.1500000000000001, 0.0001
DataValue, 1.1400000000000001, 0.0001
DataValue, 1.1300000000000001, 9.9998E-05
DataValue, 1.12, 9.9998E-05
DataValue, 1.11, 0.0001
DataValue, 1.1, 9.999600000000001E-05
DataValue, 1.09, 9.9998E-05
DataValue, 1.08, 0.0001
DataValue, 1.07, 9.9998E-05
DataValue, 1.06, 9.9998E-05
DataValue, 1.05, 9.9998E-05
DataValue, 1.04, 9.9998E-05
DataValue, 1.03, 9.9998E-05
DataValue, 1.02, 9.999600000000001E-05
DataValue, 1.01, 0.0001
DataValue, 1, 9.9998E-05
DataValue, 0.9900000000000001, 9.9998E-05
DataValue, 0.98000000000000009, 9.9998E-05
DataValue, 0.97000000000000008, 9.9998E-05
DataValue, 0.96000000000000008, 9.9998E-05
DataValue, 0.95000000000000007, 9.9998E-05
DataValue, 0.94000000000000006, 0.0001
DataValue, 0.93, 9.9998E-05
DataValue, 0.92, 9.9998E-05
DataValue, 0.91, 9.9998E-05
DataValue, 0.9, 9.9998E-05
DataValue, 0.89, 9.9998E-05
DataValue, 0.88, 9.9998E-05
DataValue, 0.87, 0.0001
DataValue, 0.86, 0.0001
DataValue, 0.85000000000000009, 9.9998E-05
DataValue, 0.84000000000000008, 9.9998E-05
DataValue, 0.83000000000000007, 9.9998E-05
DataValue, 0.82000000000000006, 9.9998E-05
DataValue, 0.81, 9.9998E-05
DataValue, 0.8, 9.9998E-05
DataValue, 0.79, 0.0001
DataValue, 0.78, 0.0001
DataValue, 0.77, 9.9998E-05
DataValue, 0.76, 9.9998E-05
DataValue, 0.75, 9.9998E-05
DataValue, 0.74, 9.9998E-05
DataValue, 0.73, 9.9998E-05
DataValue, 0.72000000000000008, 9.9998E-05
DataValue, 0.71000000000000008, 0.0001
DataValue, 0.70000000000000007, 9.9998E-05
DataValue, 0.69000000000000006, 9.9998E-05
DataValue, 0.68, 9.9998E-05
DataValue, 0.67, 9.9998E-05
DataValue, 0.66, 0.0001
DataValue, 0.65, 9.9998E-05
DataValue, 0.64, 9.9998E-05
DataValue, 0.63, 9.9998E-05
DataValue, 0.62, 0.0001
DataValue, 0.61, 9.9998E-05
DataValue, 0.6, 9.999600000000001E-05
DataValue, 0.59000000000000008, 9.9998E-05
DataValue, 0.58000000000000007, 9.9998E-05
DataValue, 0.57000000000000006, 9.999600000000001E-05
DataValue, 0.56, 9.9998E-05
DataValue, 0.55, 9.9998E-05
DataValue, 0.54, 9.9998E-05
DataValue, 0.53, 9.9998E-05
DataValue, 0.52, 9.9998E-05
DataValue, 0.51, 9.9998E-05
DataValue, 0.5, 9.9998E-05
DataValue, 0.49000000000000005, 9.9998E-05
DataValue, 0.48000000000000004, 9.9998E-05
DataValue, 0.47000000000000003, 9.9998E-05
DataValue, 0.46, 9.9998E-05
DataValue, 0.45, 9.9998E-05
DataValue, 0.44, 9.9998E-05
DataValue, 0.43, 9.9998E-05
DataValue, 0.42000000000000004, 9.9998E-05
DataValue, 0.41000000000000003, 9.9998E-05
DataValue, 0.4, 9.9998E-05
DataValue, 0.39, 9.9998E-05
DataValue, 0.38, 9.9998E-05
DataValue, 0.37, 9.9998E-05
DataValue, 0.36000000000000004, 9.9998E-05
DataValue, 0.35000000000000003, 9.9998E-05
DataValue, 0.34, 9.9998E-05
DataValue, 0.33, 9.9998E-05
DataValue, 0.32, 9.9998E-05
DataValue, 0.31, 9.9998E-05
DataValue, 0.3, 9.9998E-05
DataValue, 0.29000000000000004, 9.9998E-05
DataValue, 0.28, 9.9998E-05
DataValue, 0.27, 9.9998E-05
DataValue, 0.26, 9.9998E-05
DataValue, 0.25, 9.999600000000001E-05
DataValue, 0.24000000000000002, 9.9998E-05
DataValue, 0.23, 9.9998E-05
DataValue, 0.22, 9.9998E-05
DataValue, 0.21000000000000002, 0.0001
DataValue, 0.2, 9.9998E-05
DataValue, 0.19, 9.9998E-05
DataValue, 0.18000000000000002, 9.9998E-05
DataValue, 0.17, 9.9998E-05
DataValue, 0.16, 9.9998E-05
DataValue, 0.15, 9.8022E-05
DataValue, 0.14, 9.1236E-05
DataValue, 0.13, 8.4442E-05
DataValue, 0.12000000000000001, 7.7748E-05
DataValue, 0.11, 7.0890000000000007E-05
DataValue, 0.1, 6.4052E-05
DataValue, 0.090000000000000011, 5.758E-05
DataValue, 0.08, 5.0878E-05
DataValue, 0.07, 4.431E-05
DataValue, 0.060000000000000005, 3.785E-05
DataValue, 0.05, 3.1318E-05
DataValue, 0.04, 2.463E-05
DataValue, 0.030000000000000002, 1.8160000000000002E-05
DataValue, 0.02, 1.1764000000000001E-05
DataValue, 0.01, 5.5656000000000006E-06
DataValue, 0, 9.7636999999999989E-08