
SetupTitle, SET-RESET
ApplicationTest, SET-RESET, Public
MetaData, TestRecord.EntryPoint, true
MetaData, TestRecord.RecordTime, 09/03/2024 13:28:06
MetaData, TestRecord.TestTarget, A8-01-4um-01
MetaData, TestRecord.IterationIndex, 28
MetaData, TestRecord.Preservation, true
MetaData, TestRecord.Flag, 
MetaData, TestRecord.Remarks, 
MetaData, TestRecord.LinkKey, 65b3233c-e6dd-46ee-97d9-548ecead73b9
MetaData, TestRecord.Parameters, 
AnalysisSetup, Analysis.Setup.Vector.Graph.Enabled, true
AnalysisSetup, Analysis.Setup.Vector.Graph.ActiveYAxis, 0
AnalysisSetup, Analysis.Setup.Vector.Graph.LeftYAxis, 0
AnalysisSetup, Analysis.Setup.Vector.Graph.RightYAxis, -1
AnalysisSetup, Analysis.Setup.Vector.Graph.XAxis.Name, V1
AnalysisSetup, Analysis.Setup.Vector.Graph.XAxis.GroupName, 
AnalysisSetup, Analysis.Setup.Vector.Graph.XAxis.RunTimeAutoScale, true
AnalysisSetup, Analysis.Setup.Vector.Graph.XAxis.Unit, V
AnalysisSetup, Analysis.Setup.Vector.Graph.XAxis.Scale, Linear
AnalysisSetup, Analysis.Setup.Vector.Graph.XAxis.Left, -2
AnalysisSetup, Analysis.Setup.Vector.Graph.XAxis.Right, 0
AnalysisSetup, Analysis.Setup.Vector.Graph.YAxis.Name, I1
AnalysisSetup, Analysis.Setup.Vector.Graph.YAxis.GroupName, 
AnalysisSetup, Analysis.Setup.Vector.Graph.YAxis.RunTimeAutoScale, true
AnalysisSetup, Analysis.Setup.Vector.Graph.YAxis.Unit, A
AnalysisSetup, Analysis.Setup.Vector.Graph.YAxis.Scale, Linear
AnalysisSetup, Analysis.Setup.Vector.Graph.YAxis.Bottom, -0.0045
AnalysisSetup, Analysis.Setup.Vector.Graph.YAxis.Top, 2.2E-07
AnalysisSetup, Analysis.Setup.Vector.Graph.Operation.Marker.Enabled, false
AnalysisSetup, Analysis.Setup.Vector.Graph.Operation.Marker.Interpolation, false
AnalysisSetup, Analysis.Setup.Vector.Graph.Operation.Marker.Index, 0
AnalysisSetup, Analysis.Setup.Vector.Graph.Operation.Marker.Step, 0
AnalysisSetup, Analysis.Setup.Vector.Graph.Operation.Cursor.Enabled, false
AnalysisSetup, Analysis.Setup.Vector.Graph.Operation.Cursor.Active, true
AnalysisSetup, Analysis.Setup.Vector.Graph.Operation.Cursor.NormalX, 2.25
AnalysisSetup, Analysis.Setup.Vector.Graph.Operation.Cursor.NormalY, 0.99995111350111765
AnalysisSetup, Analysis.Setup.Vector.Graph.Operation.Line1.Enabled, false
AnalysisSetup, Analysis.Setup.Vector.Graph.Operation.Line1.Active, false
AnalysisSetup, Analysis.Setup.Vector.Graph.Operation.Line1.Fix, false
AnalysisSetup, Analysis.Setup.Vector.Graph.Operation.Line1.Type, 1
AnalysisSetup, Analysis.Setup.Vector.Graph.Operation.Line1.YAxisIndex, 0
AnalysisSetup, Analysis.Setup.Vector.Graph.Operation.Line1.LastIndex, -1
AnalysisSetup, Analysis.Setup.Vector.Graph.Operation.Line1.LastStep, -1
AnalysisSetup, Analysis.Setup.Vector.Graph.Operation.Line1.Cursor1.Enabled, false
AnalysisSetup, Analysis.Setup.Vector.Graph.Operation.Line1.Cursor1.Active, false
AnalysisSetup, Analysis.Setup.Vector.Graph.Operation.Line1.Cursor1.NormalX, 2.25
AnalysisSetup, Analysis.Setup.Vector.Graph.Operation.Line1.Cursor1.NormalY, 0.99995111350111765
AnalysisSetup, Analysis.Setup.Vector.Graph.Operation.Line1.Cursor2.Enabled, false
AnalysisSetup, Analysis.Setup.Vector.Graph.Operation.Line1.Cursor2.Active, false
AnalysisSetup, Analysis.Setup.Vector.Graph.Operation.Line1.Cursor2.NormalX, 2.25
AnalysisSetup, Analysis.Setup.Vector.Graph.Operation.Line1.Cursor2.NormalY, 0.99995111350111765
AnalysisSetup, Analysis.Setup.Vector.Graph.Operation.Line1.Gradient, 
AnalysisSetup, Analysis.Setup.Vector.Graph.Operation.Line2.Enabled, false
AnalysisSetup, Analysis.Setup.Vector.Graph.Operation.Line2.Active, false
AnalysisSetup, Analysis.Setup.Vector.Graph.Operation.Line2.Fix, false
AnalysisSetup, Analysis.Setup.Vector.Graph.Operation.Line2.Type, 1
AnalysisSetup, Analysis.Setup.Vector.Graph.Operation.Line2.YAxisIndex, 0
AnalysisSetup, Analysis.Setup.Vector.Graph.Operation.Line2.LastIndex, -1
AnalysisSetup, Analysis.Setup.Vector.Graph.Operation.Line2.LastStep, -1
AnalysisSetup, Analysis.Setup.Vector.Graph.Operation.Line2.Cursor1.Enabled, false
AnalysisSetup, Analysis.Setup.Vector.Graph.Operation.Line2.Cursor1.Active, false
AnalysisSetup, Analysis.Setup.Vector.Graph.Operation.Line2.Cursor1.NormalX, 2.25
AnalysisSetup, Analysis.Setup.Vector.Graph.Operation.Line2.Cursor1.NormalY, 0.99995111350111765
AnalysisSetup, Analysis.Setup.Vector.Graph.Operation.Line2.Cursor2.Enabled, false
AnalysisSetup, Analysis.Setup.Vector.Graph.Operation.Line2.Cursor2.Active, false
AnalysisSetup, Analysis.Setup.Vector.Graph.Operation.Line2.Cursor2.NormalX, 2.25
AnalysisSetup, Analysis.Setup.Vector.Graph.Operation.Line2.Cursor2.NormalY, 0.99995111350111765
AnalysisSetup, Analysis.Setup.Vector.Graph.Operation.Line2.Gradient, 
AnalysisSetup, Analysis.Setup.Vector.Graph.Preference.BackgroundColor, -1
AnalysisSetup, Analysis.Setup.Vector.Graph.Preference.TextColor, -16777216
AnalysisSetup, Analysis.Setup.Vector.Graph.Preference.GridColor, -3618616
AnalysisSetup, Analysis.Setup.Vector.Graph.Preference.LineColor, -65336
AnalysisSetup, Analysis.Setup.Vector.Graph.Preference.Var2LabelColor, -11513776
AnalysisSetup, Analysis.Setup.Vector.Graph.Preference.ChangeToColor, -24416
AnalysisSetup, Analysis.Setup.Vector.Graph.Preference.GridStyle, 0
AnalysisSetup, Analysis.Setup.Vector.Graph.Preference.LineStyle, 0
AnalysisSetup, Analysis.Setup.Vector.Graph.Preference.Var2LabelStyle, Adjacent
AnalysisSetup, Analysis.Setup.Vector.Graph.Preference.Plots.Y1.Visible, true
AnalysisSetup, Analysis.Setup.Vector.Graph.Preference.Plots.Y1.PlotColor, -16777036
AnalysisSetup, Analysis.Setup.Vector.Graph.Preference.Plots.Y1.Thickness, 1
AnalysisSetup, Analysis.Setup.Vector.Graph.Preference.Plots.Y1.PlotStyle, 0
AnalysisSetup, Analysis.Setup.Vector.Graph.Preference.Plots.Y2.Visible, true
AnalysisSetup, Analysis.Setup.Vector.Graph.Preference.Plots.Y2.PlotColor, -39936
AnalysisSetup, Analysis.Setup.Vector.Graph.Preference.Plots.Y2.Thickness, 1
AnalysisSetup, Analysis.Setup.Vector.Graph.Preference.Plots.Y2.PlotStyle, 0
AnalysisSetup, Analysis.Setup.Vector.Graph.Preference.Plots.Y3.Visible, true
AnalysisSetup, Analysis.Setup.Vector.Graph.Preference.Plots.Y3.PlotColor, -16731136
AnalysisSetup, Analysis.Setup.Vector.Graph.Preference.Plots.Y3.Thickness, 1
AnalysisSetup, Analysis.Setup.Vector.Graph.Preference.Plots.Y3.PlotStyle, 0
AnalysisSetup, Analysis.Setup.Vector.Graph.Preference.Plots.Y4.Visible, true
AnalysisSetup, Analysis.Setup.Vector.Graph.Preference.Plots.Y4.PlotColor, -8892376
AnalysisSetup, Analysis.Setup.Vector.Graph.Preference.Plots.Y4.Thickness, 1
AnalysisSetup, Analysis.Setup.Vector.Graph.Preference.Plots.Y4.PlotStyle, 0
AnalysisSetup, Analysis.Setup.Vector.Graph.Preference.Plots.Y5.Visible, true
AnalysisSetup, Analysis.Setup.Vector.Graph.Preference.Plots.Y5.PlotColor, -65536
AnalysisSetup, Analysis.Setup.Vector.Graph.Preference.Plots.Y5.Thickness, 1
AnalysisSetup, Analysis.Setup.Vector.Graph.Preference.Plots.Y5.PlotStyle, 0
AnalysisSetup, Analysis.Setup.Vector.Graph.Preference.Plots.Y6.Visible, true
AnalysisSetup, Analysis.Setup.Vector.Graph.Preference.Plots.Y6.PlotColor, -14336
AnalysisSetup, Analysis.Setup.Vector.Graph.Preference.Plots.Y6.Thickness, 1
AnalysisSetup, Analysis.Setup.Vector.Graph.Preference.Plots.Y6.PlotStyle, 0
AnalysisSetup, Analysis.Setup.Vector.Graph.Preference.Plots.Y7.Visible, true
AnalysisSetup, Analysis.Setup.Vector.Graph.Preference.Plots.Y7.PlotColor, -6946586
AnalysisSetup, Analysis.Setup.Vector.Graph.Preference.Plots.Y7.Thickness, 1
AnalysisSetup, Analysis.Setup.Vector.Graph.Preference.Plots.Y7.PlotStyle, 0
AnalysisSetup, Analysis.Setup.Vector.Graph.Preference.Plots.Y8.Visible, true
AnalysisSetup, Analysis.Setup.Vector.Graph.Preference.Plots.Y8.PlotColor, -16733546
AnalysisSetup, Analysis.Setup.Vector.Graph.Preference.Plots.Y8.Thickness, 1
AnalysisSetup, Analysis.Setup.Vector.Graph.Preference.Plots.Y8.PlotStyle, 0
AnalysisSetup, Analysis.Setup.Vector.Graph.Preference.Text.AxisTitle.FontName, Tahoma
AnalysisSetup, Analysis.Setup.Vector.Graph.Preference.Text.AxisTitle.RelativeSize, Medium
AnalysisSetup, Analysis.Setup.Vector.Graph.Preference.Text.AxisTitle.Size, 7
AnalysisSetup, Analysis.Setup.Vector.Graph.Preference.Text.ScaleText.FontName, Tahoma
AnalysisSetup, Analysis.Setup.Vector.Graph.Preference.Text.ScaleText.RelativeSize, Medium
AnalysisSetup, Analysis.Setup.Vector.Graph.Preference.Text.ScaleText.Size, 7
AnalysisSetup, Analysis.Setup.Vector.Graph.Preference.Text.Legend.FontName, Tahoma
AnalysisSetup, Analysis.Setup.Vector.Graph.Preference.Text.Legend.RelativeSize, Medium
AnalysisSetup, Analysis.Setup.Vector.Graph.Preference.Text.Legend.Size, 7
AnalysisSetup, Analysis.Setup.Vector.Graph.Preference.Scale.LogTickedDecadeCount, 6
AnalysisSetup, Analysis.Setup.Vector.Graph.Preference.LogoVisible, true
AnalysisSetup, Analysis.Setup.Vector.Graph.Preference.GridVisible, true
AnalysisSetup, Analysis.Setup.Vector.Graph.Preference.SetupSummaryVisible, false
AnalysisSetup, Analysis.Setup.Vector.Graph.Preference.ChangeColorEnabled, false
AnalysisSetup, Analysis.Setup.Vector.Graph.Preference.MinorTicksValueVisible, false
AnalysisSetup, Analysis.Setup.Vector.Graph.Preference.CursorFormat, 0
AnalysisSetup, Analysis.Setup.Vector.Graph.Preference.CursorDigits, 6
AnalysisSetup, Analysis.Setup.Vector.Graph.Preference.MarkerFormat, 0
AnalysisSetup, Analysis.Setup.Vector.Graph.Preference.MarkerDigits, 6
AnalysisSetup, Analysis.Setup.Vector.Graph.Preference.InterceptFormat, 0
AnalysisSetup, Analysis.Setup.Vector.Graph.Preference.InterceptDigits, 6
AnalysisSetup, Analysis.Setup.Vector.Graph.Preference.Var2LabelVisible, false
AnalysisSetup, Analysis.Setup.Vector.Graph.Preference.ParametersVisible, false
AnalysisSetup, Analysis.Setup.Vector.Graph.Preference.GridNumberFixity, false
AnalysisSetup, Analysis.Setup.Vector.Graph.Preference.AddsVerticalMargin, true
AnalysisSetup, Analysis.Setup.Vector.Graph.Notes, [VAR1] Unit=SMU1:MP, Name=V1, Direction=Double, Linear/Log=LINEAR, Start=0 V, Stop=-2 V, Step=-20 mV, No. of Steps=101, Compliance=100 mA, Pwr Comp=OFF	[CONSTANTS] Unit=SMU2:MP, Name=V2, Source Mode=V, Source=0 V, Compliance=100 mA
AnalysisSetup, Analysis.Setup.Vector.Graph.SetupInfo, 		2E-05	2E-05	5
AnalysisSetup, Analysis.Setup.Preference.GraphVisible, true
AnalysisSetup, Analysis.Setup.Preference.ListVisible, true
AnalysisSetup, Analysis.Setup.Preference.ScalarVisible, true
AnalysisSetup, Analysis.Setup.Title, Reset
Dimension1, 202, 202
Dimension2, 1, 1
DataName, V1, I1
DataValue, 0, 2.1758E-07
DataValue, -0.02, -5.5912E-05
DataValue, -0.04, -0.000112074
DataValue, -0.060000000000000005, -0.0001684
DataValue, -0.08, -0.00022462
DataValue, -0.1, -0.00028102000000000004
DataValue, -0.12000000000000001, -0.00033738
DataValue, -0.14, -0.00039390000000000003
DataValue, -0.16, -0.00045024
DataValue, -0.18000000000000002, -0.00050686
DataValue, -0.2, -0.00056316
DataValue, -0.22, -0.00062004000000000009
DataValue, -0.24000000000000002, -0.00067684000000000006
DataValue, -0.26, -0.00073342
DataValue, -0.28, -0.00079028000000000008
DataValue, -0.3, -0.00084728000000000006
DataValue, -0.32, -0.00090424000000000006
DataValue, -0.34, -0.0009617400000000001
DataValue, -0.36000000000000004, -0.00101874
DataValue, -0.38, -0.00107612
DataValue, -0.4, -0.0011337200000000002
DataValue, -0.42000000000000004, -0.0011908
DataValue, -0.44, -0.0012488
DataValue, -0.46, -0.001307
DataValue, -0.48000000000000004, -0.0013644
DataValue, -0.5, -0.0014222
DataValue, -0.52, -0.0014798
DataValue, -0.54, -0.0015374
DataValue, -0.56, -0.001595
DataValue, -0.58000000000000007, -0.0016526
DataValue, -0.6, -0.0017096000000000001
DataValue, -0.62, -0.0017670000000000001
DataValue, -0.64, -0.0018256000000000001
DataValue, -0.66, -0.0018824
DataValue, -0.68, -0.001941
DataValue, -0.70000000000000007, -0.002
DataValue, -0.72000000000000008, -0.0020574
DataValue, -0.74, -0.0021156
DataValue, -0.76, -0.0021738
DataValue, -0.78, -0.0022318
DataValue, -0.8, -0.0022902
DataValue, -0.82000000000000006, -0.0023482
DataValue, -0.84000000000000008, -0.002406
DataValue, -0.86, -0.002466
DataValue, -0.88, -0.0025228
DataValue, -0.9, -0.0025794
DataValue, -0.92, -0.0026394
DataValue, -0.94000000000000006, -0.002697
DataValue, -0.96000000000000008, -0.002754
DataValue, -0.98000000000000009, -0.0028108
DataValue, -1, -0.0028696
DataValue, -1.02, -0.0029268000000000002
DataValue, -1.04, -0.0029864
DataValue, -1.06, -0.003042
DataValue, -1.08, -0.0031002
DataValue, -1.1, -0.0031588000000000002
DataValue, -1.12, -0.0032138
DataValue, -1.1400000000000001, -0.0032702
DataValue, -1.1600000000000001, -0.0033284
DataValue, -1.1800000000000002, -0.0033846
DataValue, -1.2, -0.0034396
DataValue, -1.22, -0.0034968
DataValue, -1.24, -0.003553
DataValue, -1.26, -0.0036086
DataValue, -1.28, -0.0036664
DataValue, -1.3, -0.0037208000000000002
DataValue, -1.32, -0.0037790000000000002
DataValue, -1.34, -0.0038358
DataValue, -1.36, -0.0038876
DataValue, -1.3800000000000001, -0.0039434
DataValue, -1.4000000000000001, -0.0039984
DataValue, -1.4200000000000002, -0.0040524
DataValue, -1.4400000000000002, -0.0041062
DataValue, -1.46, -0.004157
DataValue, -1.48, -0.0042068
DataValue, -1.5, -0.0042566
DataValue, -1.52, -0.0043098
DataValue, -1.54, -0.0043566
DataValue, -1.56, -0.0044066
DataValue, -1.58, -0.0044424
DataValue, -1.6, -0.0044608
DataValue, -1.62, -0.0044914
DataValue, -1.6400000000000001, -0.0044768
DataValue, -1.6600000000000001, -0.0043978
DataValue, -1.6800000000000002, -0.0041596
DataValue, -1.7000000000000002, -1.03786E-08
DataValue, -1.72, 3.7603999999999995E-09
DataValue, -1.74, 1.0409199999999998E-08
DataValue, -1.76, -5.0027999999999993E-09
DataValue, -1.78, -8.279E-09
DataValue, -1.8, -1.0192E-08
DataValue, -1.82, 3.7049999999999995E-09
DataValue, -1.84, 9.6701999999999991E-09
DataValue, -1.86, 9.5601999999999985E-09
DataValue, -1.8800000000000001, -2.4813999999999997E-09
DataValue, -1.9000000000000001, -9.7951999999999986E-09
DataValue, -1.9200000000000002, 2.1002E-09
DataValue, -1.9400000000000002, 9.5709999999999985E-09
DataValue, -1.9600000000000002, -2.0011999999999997E-09
DataValue, -1.9800000000000002, -9.5962E-09
DataValue, -2, 2.1974E-09
DataValue, -2, -6.1986E-09
DataValue, -1.9800000000000002, -8.4385999999999985E-09
DataValue, -1.9600000000000002, 8.979999999999999E-11
DataValue, -1.9400000000000002, 9.0056E-09
DataValue, -1.9200000000000002, -6.902E-10
DataValue, -1.9000000000000001, -8.998399999999999E-09
DataValue, -1.8800000000000001, 8.4499999999999987E-10
DataValue, -1.86, 1.01358E-08
DataValue, -1.84, -3.7793999999999996E-09
DataValue, -1.82, -1.0173E-08
DataValue, -1.8, 3.2081999999999997E-09
DataValue, -1.78, 1.01596E-08
DataValue, -1.76, -3.7165999999999998E-09
DataValue, -1.74, -1.0408999999999999E-08
DataValue, -1.72, 1.7975999999999999E-09
DataValue, -1.7000000000000002, 9.5988E-09
DataValue, -1.6800000000000002, -1.9851999999999997E-09
DataValue, -1.6600000000000001, -9.7013999999999988E-09
DataValue, -1.6400000000000001, 2.4933999999999997E-09
DataValue, -1.62, 1.02114E-08
DataValue, -1.6, 5.3599999999999995E-11
DataValue, -1.58, -8.7438E-09
DataValue, -1.56, 2.4899999999999997E-10
DataValue, -1.54, 8.8436E-09
DataValue, -1.52, 9.7992E-09
DataValue, -1.5, -2.8361999999999998E-09
DataValue, -1.48, -9.8521999999999987E-09
DataValue, -1.46, 2.3944E-09
DataValue, -1.4400000000000002, 9.69E-09
DataValue, -1.4200000000000002, -2.2162E-09
DataValue, -1.4000000000000001, -9.7947999999999985E-09
DataValue, -1.3800000000000001, 2.6924E-09
DataValue, -1.36, 8.5711999999999987E-09
DataValue, -1.34, -3.7019999999999997E-10
DataValue, -1.32, -6.4859999999999993E-09
DataValue, -1.3, -9.5945999999999991E-09
DataValue, -1.28, 1.8153999999999998E-09
DataValue, -1.26, 9.6431999999999983E-09
DataValue, -1.24, 1.03194E-08
DataValue, -1.22, -4.1252E-09
DataValue, -1.2, -1.0434999999999999E-08
DataValue, -1.1800000000000002, 4.0014E-09
DataValue, -1.1600000000000001, 1.0354E-08
DataValue, -1.1400000000000001, -4.2092E-09
DataValue, -1.12, -1.04992E-08
DataValue, -1.1, 4.077E-09
DataValue, -1.08, 1.0404799999999999E-08
DataValue, -1.06, -3.928E-09
DataValue, -1.04, -1.0333399999999999E-08
DataValue, -1.02, 3.6952E-09
DataValue, -1, 1.02378E-08
DataValue, -0.98000000000000009, -3.8647999999999993E-09
DataValue, -0.96000000000000008, -8.4392E-09
DataValue, -0.94000000000000006, -9.4342E-09
DataValue, -0.92, -1.868E-10
DataValue, -0.9, 1.0316199999999999E-08
DataValue, -0.88, -3.7385999999999995E-09
DataValue, -0.86, -1.0292799999999999E-08
DataValue, -0.84000000000000008, 3.5609999999999996E-09
DataValue, -0.82000000000000006, 1.0307599999999999E-08
DataValue, -0.8, -3.6613999999999998E-09
DataValue, -0.78, -1.02262E-08
DataValue, -0.76, 3.3943999999999998E-09
DataValue, -0.74, 1.00788E-08
DataValue, -0.72000000000000008, -3.1017999999999998E-09
DataValue, -0.70000000000000007, -1.00356E-08
DataValue, -0.68, 2.9817999999999998E-09
DataValue, -0.66, 9.9045999999999982E-09
DataValue, -0.64, -3.0917999999999996E-09
DataValue, -0.62, -9.9824E-09
DataValue, -0.6, 2.7608E-09
DataValue, -0.58000000000000007, 9.874E-09
DataValue, -0.56, 9.7113999999999985E-09
DataValue, -0.54, -2.6504E-09
DataValue, -0.52, -6.630599999999999E-09
DataValue, -0.5, -9.6714E-09
DataValue, -0.48000000000000004, 2.0948E-09
DataValue, -0.46, 9.6026E-09
DataValue, -0.44, -1.8029999999999999E-09
DataValue, -0.42000000000000004, -9.6565999999999983E-09
DataValue, -0.4, 2.4332E-09
DataValue, -0.38, 9.686E-09
DataValue, -0.36000000000000004, 1.03976E-08
DataValue, -0.34, -1.1663999999999998E-09
DataValue, -0.32, -7.1851999999999995E-09
DataValue, -0.3, -8.6717999999999989E-09
DataValue, -0.28, 1.3259999999999999E-10
DataValue, -0.26, 8.7391999999999989E-09
DataValue, -0.24000000000000002, -5.22E-10
DataValue, -0.22, -9.089999999999999E-09
DataValue, -0.2, -4.0567999999999995E-09
DataValue, -0.18000000000000002, 8.6518E-09
DataValue, -0.16, -1.8499999999999998E-10
DataValue, -0.14, -8.558599999999999E-09
DataValue, -0.12000000000000001, 4.24E-11
DataValue, -0.1, 8.4362E-09
DataValue, -0.08, 5.62E-11
DataValue, -0.060000000000000005, -8.3544E-09
DataValue, -0.04, -2.1159999999999997E-10
DataValue, -0.02, 8.265E-09
DataValue, 0, 1.8159999999999997E-10
SetupTitle, Reset
PrimitiveTest, I/V Sweep
TestParameter, Context.MainFrame, B1500A
TestParameter, Channel.UnitType, SMU, SMU
TestParameter, Channel.Unit, SMU1:MP, SMU2:MP
TestParameter, Channel.IName, I1, I2
TestParameter, Channel.VName, V1, V2
TestParameter, Channel.Mode, V, V
TestParameter, Channel.Func, VAR1, CONST
TestParameter, Channel.Index, 
TestParameter, Channel.Time, 
TestParameter, Measurement.Port.Unit, SMU1:MP, SMU2:MP
TestParameter, Measurement.Port.SeriesResistor, NONE, NONE
TestParameter, Measurement.Port.Filter, ON, ON
TestParameter, Measurement.Port.OutputVoltageComparison, 0, 0
TestParameter, Measurement.Primary.Locus, Double
TestParameter, Measurement.Primary.Scale, LINEAR
TestParameter, Measurement.Primary.Start, 0
TestParameter, Measurement.Primary.Stop, -2
TestParameter, Measurement.Primary.Step, -0.02
TestParameter, Measurement.Primary.Compliance, 0.1
TestParameter, Measurement.Primary.PowerCompliance, 0
TestParameter, Measurement.Aborting.Condition, CONTINUE AT ANY
TestParameter, Measurement.PostOutput.Value, START
TestParameter, Measurement.PostOutput.Retention, OFF
TestParameter, Measurement.Bias.Source, 0, 0
TestParameter, Measurement.Bias.Compliance, 0.1, 0.1
TestParameter, Measurement.Monitor.Unit, SMU1:MP, SMU2:MP
TestParameter, Measurement.Monitor.Adc, HR ADC, HR ADC
TestParameter, Measurement.Monitor.Measurement, Compliance Side, Compliance Side
TestParameter, Measurement.Monitor.RangingMode, LIMITED, LIMITED
TestParameter, Measurement.Monitor.RangeBoundary, 1nA, 1nA
TestParameter, Measurement.Monitor.RangeRating, BY FULL RANGE, BY FULL RANGE
TestParameter, Measurement.Monitor.RangeRatingCoeff, 50, 50
TestParameter, Measurement.Timing.Hold, 0
TestParameter, Measurement.Timing.Delay, 0
TestParameter, Measurement.Adc.HighSpeed.Mode, AUTO
TestParameter, Measurement.Adc.HighSpeed.Coeff, 1
TestParameter, Measurement.Adc.HighResolution.AutoZero, OFF
TestParameter, Measurement.Adc.HighResolution.Mode, AUTO
TestParameter, Measurement.Adc.HighResolution.Coeff, 6
TestParameter, Measurement.WaitTime.Source.Coeff, 1
TestParameter, Measurement.WaitTime.Source.Offset, 0
TestParameter, Measurement.WaitTime.Monitor.Coeff, 1
TestParameter, Measurement.WaitTime.Monitor.Offset, 0
TestParameter, Output.Graph.Enabled, true
TestParameter, Output.Graph.AutoScaling, false
TestParameter, Output.Graph.XAxis.Data, V1
TestParameter, Output.Graph.XAxis.Scale, Linear
TestParameter, Output.Graph.XAxis.Left, 0
TestParameter, Output.Graph.XAxis.Right, 5
TestParameter, Output.Graph.XAxis.RunTimeAutoScale, true
TestParameter, Output.Graph.YAxis.Data, I1
TestParameter, Output.Graph.YAxis.Scale, Linear
TestParameter, Output.Graph.YAxis.Bottom, -0.0005
TestParameter, Output.Graph.YAxis.Top, 0.0005
TestParameter, Output.Graph.YAxis.Group, 
TestParameter, Output.Graph.YAxis.RunTimeAutoScale, true
TestParameter, AutoAnalysis.Interpolation, false
TestParameter, AutoAnalysis.Var2StepCount, 1
TestParameter, AutoAnalysis.Var2StepScript, 
TestParameter, AutoAnalysis.Line1.Enabled, false
TestParameter, AutoAnalysis.Line1.Type, 1
TestParameter, AutoAnalysis.Line1.Fix, True
TestParameter, AutoAnalysis.Line1.YAxis, 0
TestParameter, AutoAnalysis.Line1.Point1.Type, 0
TestParameter, AutoAnalysis.Line1.Point1.XY.X, 
TestParameter, AutoAnalysis.Line1.Point1.XY.Y, 
TestParameter, AutoAnalysis.Line1.Point1.Data.Var, 
TestParameter, AutoAnalysis.Line1.Point1.Data.Condition, 
TestParameter, AutoAnalysis.Line1.Point1.Data.Start, false
TestParameter, AutoAnalysis.Line1.Point1.Data.StartVar, 
TestParameter, AutoAnalysis.Line1.Point1.Data.StartCondition, 
TestParameter, AutoAnalysis.Line1.Point2.Type, 0
TestParameter, AutoAnalysis.Line1.Point2.XY.X, 
TestParameter, AutoAnalysis.Line1.Point2.XY.Y, 
TestParameter, AutoAnalysis.Line1.Point2.Data.Var, 
TestParameter, AutoAnalysis.Line1.Point2.Data.Condition, 
TestParameter, AutoAnalysis.Line1.Point2.Data.Start, false
TestParameter, AutoAnalysis.Line1.Point2.Data.StartVar, 
TestParameter, AutoAnalysis.Line1.Point2.Data.StartCondition, 
TestParameter, AutoAnalysis.Line1.GradientExpr, 0
TestParameter, AutoAnalysis.Line2.Enabled, false
TestParameter, AutoAnalysis.Line2.Type, 1
TestParameter, AutoAnalysis.Line2.Fix, True
TestParameter, AutoAnalysis.Line2.YAxis, 0
TestParameter, AutoAnalysis.Line2.Point1.Type, 0
TestParameter, AutoAnalysis.Line2.Point1.XY.X, 
TestParameter, AutoAnalysis.Line2.Point1.XY.Y, 
TestParameter, AutoAnalysis.Line2.Point1.Data.Var, 
TestParameter, AutoAnalysis.Line2.Point1.Data.Condition, 
TestParameter, AutoAnalysis.Line2.Point1.Data.Start, false
TestParameter, AutoAnalysis.Line2.Point1.Data.StartVar, 
TestParameter, AutoAnalysis.Line2.Point1.Data.StartCondition, 
TestParameter, AutoAnalysis.Line2.Point2.Type, 0
TestParameter, AutoAnalysis.Line2.Point2.XY.X, 
TestParameter, AutoAnalysis.Line2.Point2.XY.Y, 
TestParameter, AutoAnalysis.Line2.Point2.Data.Var, 
TestParameter, AutoAnalysis.Line2.Point2.Data.Condition, 
TestParameter, AutoAnalysis.Line2.Point2.Data.Start, false
TestParameter, AutoAnalysis.Line2.Point2.Data.StartVar, 
TestParameter, AutoAnalysis.Line2.Point2.Data.StartCondition, 
TestParameter, AutoAnalysis.Line2.GradientExpr, 0
TestParameter, AutoAnalysis.Marker.Enabled, false
TestParameter, AutoAnalysis.Marker.Data.Var, 
TestParameter, AutoAnalysis.Marker.Data.Condition, 
TestParameter, AutoAnalysis.Marker.Data.Start, false
TestParameter, AutoAnalysis.Marker.Data.StartVar, 
TestParameter, AutoAnalysis.Marker.Data.StartCondition, 
MetaData, TestRecord.EntryPoint, false
MetaData, TestRecord.RecordTime, 09/03/2024 13:28:06
MetaData, TestRecord.TestTarget, A8-01-4um-01
MetaData, TestRecord.IterationIndex, 28
MetaData, TestRecord.Preservation, true
MetaData, TestRecord.Flag, 
MetaData, TestRecord.Remarks, 
MetaData, TestRecord.LinkKey, 65b3233c-e6dd-46ee-97d9-548ecead73b9
MetaData, TestRecord.Parameters, 
AnalysisSetup, Analysis.Setup.Vector.Graph.Enabled, true
AnalysisSetup, Analysis.Setup.Vector.Graph.ActiveYAxis, 0
AnalysisSetup, Analysis.Setup.Vector.Graph.LeftYAxis, 0
AnalysisSetup, Analysis.Setup.Vector.Graph.RightYAxis, -1
AnalysisSetup, Analysis.Setup.Vector.Graph.XAxis.Name, V1
AnalysisSetup, Analysis.Setup.Vector.Graph.XAxis.GroupName, 
AnalysisSetup, Analysis.Setup.Vector.Graph.XAxis.RunTimeAutoScale, true
AnalysisSetup, Analysis.Setup.Vector.Graph.XAxis.Unit, V
AnalysisSetup, Analysis.Setup.Vector.Graph.XAxis.Scale, Linear
AnalysisSetup, Analysis.Setup.Vector.Graph.XAxis.Left, -2
AnalysisSetup, Analysis.Setup.Vector.Graph.XAxis.Right, 0
AnalysisSetup, Analysis.Setup.Vector.Graph.YAxis.Name, I1
AnalysisSetup, Analysis.Setup.Vector.Graph.YAxis.GroupName, 
AnalysisSetup, Analysis.Setup.Vector.Graph.YAxis.RunTimeAutoScale, true
AnalysisSetup, Analysis.Setup.Vector.Graph.YAxis.Unit, A
AnalysisSetup, Analysis.Setup.Vector.Graph.YAxis.Scale, Linear
AnalysisSetup, Analysis.Setup.Vector.Graph.YAxis.Bottom, -0.0045
AnalysisSetup, Analysis.Setup.Vector.Graph.YAxis.Top, 2.2E-07
AnalysisSetup, Analysis.Setup.Vector.Graph.Operation.Marker.Enabled, false
AnalysisSetup, Analysis.Setup.Vector.Graph.Operation.Marker.Interpolation, false
AnalysisSetup, Analysis.Setup.Vector.Graph.Operation.Marker.Index, 0
AnalysisSetup, Analysis.Setup.Vector.Graph.Operation.Marker.Step, 0
AnalysisSetup, Analysis.Setup.Vector.Graph.Operation.Cursor.Enabled, false
AnalysisSetup, Analysis.Setup.Vector.Graph.Operation.Cursor.Active, true
AnalysisSetup, Analysis.Setup.Vector.Graph.Operation.Cursor.NormalX, 2.25
AnalysisSetup, Analysis.Setup.Vector.Graph.Operation.Cursor.NormalY, 0.99995111350111765
AnalysisSetup, Analysis.Setup.Vector.Graph.Operation.Line1.Enabled, false
AnalysisSetup, Analysis.Setup.Vector.Graph.Operation.Line1.Active, false
AnalysisSetup, Analysis.Setup.Vector.Graph.Operation.Line1.Fix, false
AnalysisSetup, Analysis.Setup.Vector.Graph.Operation.Line1.Type, 1
AnalysisSetup, Analysis.Setup.Vector.Graph.Operation.Line1.YAxisIndex, 0
AnalysisSetup, Analysis.Setup.Vector.Graph.Operation.Line1.LastIndex, -1
AnalysisSetup, Analysis.Setup.Vector.Graph.Operation.Line1.LastStep, -1
AnalysisSetup, Analysis.Setup.Vector.Graph.Operation.Line1.Cursor1.Enabled, false
AnalysisSetup, Analysis.Setup.Vector.Graph.Operation.Line1.Cursor1.Active, false
AnalysisSetup, Analysis.Setup.Vector.Graph.Operation.Line1.Cursor1.NormalX, 2.25
AnalysisSetup, Analysis.Setup.Vector.Graph.Operation.Line1.Cursor1.NormalY, 0.99995111350111765
AnalysisSetup, Analysis.Setup.Vector.Graph.Operation.Line1.Cursor2.Enabled, false
AnalysisSetup, Analysis.Setup.Vector.Graph.Operation.Line1.Cursor2.Active, false
AnalysisSetup, Analysis.Setup.Vector.Graph.Operation.Line1.Cursor2.NormalX, 2.25
AnalysisSetup, Analysis.Setup.Vector.Graph.Operation.Line1.Cursor2.NormalY, 0.99995111350111765
AnalysisSetup, Analysis.Setup.Vector.Graph.Operation.Line1.Gradient, 
AnalysisSetup, Analysis.Setup.Vector.Graph.Operation.Line2.Enabled, false
AnalysisSetup, Analysis.Setup.Vector.Graph.Operation.Line2.Active, false
AnalysisSetup, Analysis.Setup.Vector.Graph.Operation.Line2.Fix, false
AnalysisSetup, Analysis.Setup.Vector.Graph.Operation.Line2.Type, 1
AnalysisSetup, Analysis.Setup.Vector.Graph.Operation.Line2.YAxisIndex, 0
AnalysisSetup, Analysis.Setup.Vector.Graph.Operation.Line2.LastIndex, -1
AnalysisSetup, Analysis.Setup.Vector.Graph.Operation.Line2.LastStep, -1
AnalysisSetup, Analysis.Setup.Vector.Graph.Operation.Line2.Cursor1.Enabled, false
AnalysisSetup, Analysis.Setup.Vector.Graph.Operation.Line2.Cursor1.Active, false
AnalysisSetup, Analysis.Setup.Vector.Graph.Operation.Line2.Cursor1.NormalX, 2.25
AnalysisSetup, Analysis.Setup.Vector.Graph.Operation.Line2.Cursor1.NormalY, 0.99995111350111765
AnalysisSetup, Analysis.Setup.Vector.Graph.Operation.Line2.Cursor2.Enabled, false
AnalysisSetup, Analysis.Setup.Vector.Graph.Operation.Line2.Cursor2.Active, false
AnalysisSetup, Analysis.Setup.Vector.Graph.Operation.Line2.Cursor2.NormalX, 2.25
AnalysisSetup, Analysis.Setup.Vector.Graph.Operation.Line2.Cursor2.NormalY, 0.99995111350111765
AnalysisSetup, Analysis.Setup.Vector.Graph.Operation.Line2.Gradient, 
AnalysisSetup, Analysis.Setup.Vector.Graph.Preference.BackgroundColor, -1
AnalysisSetup, Analysis.Setup.Vector.Graph.Preference.TextColor, -16777216
AnalysisSetup, Analysis.Setup.Vector.Graph.Preference.GridColor, -3618616
AnalysisSetup, Analysis.Setup.Vector.Graph.Preference.LineColor, -65336
AnalysisSetup, Analysis.Setup.Vector.Graph.Preference.Var2LabelColor, -11513776
AnalysisSetup, Analysis.Setup.Vector.Graph.Preference.ChangeToColor, -24416
AnalysisSetup, Analysis.Setup.Vector.Graph.Preference.GridStyle, 0
AnalysisSetup, Analysis.Setup.Vector.Graph.Preference.LineStyle, 0
AnalysisSetup, Analysis.Setup.Vector.Graph.Preference.Var2LabelStyle, Adjacent
AnalysisSetup, Analysis.Setup.Vector.Graph.Preference.Plots.Y1.Visible, true
AnalysisSetup, Analysis.Setup.Vector.Graph.Preference.Plots.Y1.PlotColor, -16777036
AnalysisSetup, Analysis.Setup.Vector.Graph.Preference.Plots.Y1.Thickness, 1
AnalysisSetup, Analysis.Setup.Vector.Graph.Preference.Plots.Y1.PlotStyle, 0
AnalysisSetup, Analysis.Setup.Vector.Graph.Preference.Plots.Y2.Visible, true
AnalysisSetup, Analysis.Setup.Vector.Graph.Preference.Plots.Y2.PlotColor, -39936
AnalysisSetup, Analysis.Setup.Vector.Graph.Preference.Plots.Y2.Thickness, 1
AnalysisSetup, Analysis.Setup.Vector.Graph.Preference.Plots.Y2.PlotStyle, 0
AnalysisSetup, Analysis.Setup.Vector.Graph.Preference.Plots.Y3.Visible, true
AnalysisSetup, Analysis.Setup.Vector.Graph.Preference.Plots.Y3.PlotColor, -16731136
AnalysisSetup, Analysis.Setup.Vector.Graph.Preference.Plots.Y3.Thickness, 1
AnalysisSetup, Analysis.Setup.Vector.Graph.Preference.Plots.Y3.PlotStyle, 0
AnalysisSetup, Analysis.Setup.Vector.Graph.Preference.Plots.Y4.Visible, true
AnalysisSetup, Analysis.Setup.Vector.Graph.Preference.Plots.Y4.PlotColor, -8892376
AnalysisSetup, Analysis.Setup.Vector.Graph.Preference.Plots.Y4.Thickness, 1
AnalysisSetup, Analysis.Setup.Vector.Graph.Preference.Plots.Y4.PlotStyle, 0
AnalysisSetup, Analysis.Setup.Vector.Graph.Preference.Plots.Y5.Visible, true
AnalysisSetup, Analysis.Setup.Vector.Graph.Preference.Plots.Y5.PlotColor, -65536
AnalysisSetup, Analysis.Setup.Vector.Graph.Preference.Plots.Y5.Thickness, 1
AnalysisSetup, Analysis.Setup.Vector.Graph.Preference.Plots.Y5.PlotStyle, 0
AnalysisSetup, Analysis.Setup.Vector.Graph.Preference.Plots.Y6.Visible, true
AnalysisSetup, Analysis.Setup.Vector.Graph.Preference.Plots.Y6.PlotColor, -14336
AnalysisSetup, Analysis.Setup.Vector.Graph.Preference.Plots.Y6.Thickness, 1
AnalysisSetup, Analysis.Setup.Vector.Graph.Preference.Plots.Y6.PlotStyle, 0
AnalysisSetup, Analysis.Setup.Vector.Graph.Preference.Plots.Y7.Visible, true
AnalysisSetup, Analysis.Setup.Vector.Graph.Preference.Plots.Y7.PlotColor, -6946586
AnalysisSetup, Analysis.Setup.Vector.Graph.Preference.Plots.Y7.Thickness, 1
AnalysisSetup, Analysis.Setup.Vector.Graph.Preference.Plots.Y7.PlotStyle, 0
AnalysisSetup, Analysis.Setup.Vector.Graph.Preference.Plots.Y8.Visible, true
AnalysisSetup, Analysis.Setup.Vector.Graph.Preference.Plots.Y8.PlotColor, -16733546
AnalysisSetup, Analysis.Setup.Vector.Graph.Preference.Plots.Y8.Thickness, 1
AnalysisSetup, Analysis.Setup.Vector.Graph.Preference.Plots.Y8.PlotStyle, 0
AnalysisSetup, Analysis.Setup.Vector.Graph.Preference.Text.AxisTitle.FontName, Tahoma
AnalysisSetup, Analysis.Setup.Vector.Graph.Preference.Text.AxisTitle.RelativeSize, Medium
AnalysisSetup, Analysis.Setup.Vector.Graph.Preference.Text.AxisTitle.Size, 7
AnalysisSetup, Analysis.Setup.Vector.Graph.Preference.Text.ScaleText.FontName, Tahoma
AnalysisSetup, Analysis.Setup.Vector.Graph.Preference.Text.ScaleText.RelativeSize, Medium
AnalysisSetup, Analysis.Setup.Vector.Graph.Preference.Text.ScaleText.Size, 7
AnalysisSetup, Analysis.Setup.Vector.Graph.Preference.Text.Legend.FontName, Tahoma
AnalysisSetup, Analysis.Setup.Vector.Graph.Preference.Text.Legend.RelativeSize, Medium
AnalysisSetup, Analysis.Setup.Vector.Graph.Preference.Text.Legend.Size, 7
AnalysisSetup, Analysis.Setup.Vector.Graph.Preference.Scale.LogTickedDecadeCount, 6
AnalysisSetup, Analysis.Setup.Vector.Graph.Preference.LogoVisible, true
AnalysisSetup, Analysis.Setup.Vector.Graph.Preference.GridVisible, true
AnalysisSetup, Analysis.Setup.Vector.Graph.Preference.SetupSummaryVisible, false
AnalysisSetup, Analysis.Setup.Vector.Graph.Preference.ChangeColorEnabled, false
AnalysisSetup, Analysis.Setup.Vector.Graph.Preference.MinorTicksValueVisible, false
AnalysisSetup, Analysis.Setup.Vector.Graph.Preference.CursorFormat, 0
AnalysisSetup, Analysis.Setup.Vector.Graph.Preference.CursorDigits, 6
AnalysisSetup, Analysis.Setup.Vector.Graph.Preference.MarkerFormat, 0
AnalysisSetup, Analysis.Setup.Vector.Graph.Preference.MarkerDigits, 6
AnalysisSetup, Analysis.Setup.Vector.Graph.Preference.InterceptFormat, 0
AnalysisSetup, Analysis.Setup.Vector.Graph.Preference.InterceptDigits, 6
AnalysisSetup, Analysis.Setup.Vector.Graph.Preference.Var2LabelVisible, false
AnalysisSetup, Analysis.Setup.Vector.Graph.Preference.ParametersVisible, false
AnalysisSetup, Analysis.Setup.Vector.Graph.Preference.GridNumberFixity, false
AnalysisSetup, Analysis.Setup.Vector.Graph.Preference.AddsVerticalMargin, true
AnalysisSetup, Analysis.Setup.Vector.Graph.Notes, [VAR1] Unit=SMU1:MP, Name=V1, Direction=Double, Linear/Log=LINEAR, Start=0 V, Stop=-2 V, Step=-20 mV, No. of Steps=101, Compliance=100 mA, Pwr Comp=OFF	[CONSTANTS] Unit=SMU2:MP, Name=V2, Source Mode=V, Source=0 V, Compliance=100 mA
AnalysisSetup, Analysis.Setup.Vector.Graph.SetupInfo, 		2E-05	2E-05	5
AnalysisSetup, Analysis.Setup.Preference.GraphVisible, true
AnalysisSetup, Analysis.Setup.Preference.ListVisible, true
AnalysisSetup, Analysis.Setup.Preference.ScalarVisible, true
AnalysisSetup, Analysis.Setup.Title, Reset
Dimension1, 202, 202
Dimension2, 1, 1
DataName, V1, I1
DataValue, 0, 2.1758E-07
DataValue, -0.02, -5.5912E-05
DataValue, -0.04, -0.000112074
DataValue, -0.060000000000000005, -0.0001684
DataValue, -0.08, -0.00022462
DataValue, -0.1, -0.00028102000000000004
DataValue, -0.12000000000000001, -0.00033738
DataValue, -0.14, -0.00039390000000000003
DataValue, -0.16, -0.00045024
DataValue, -0.18000000000000002, -0.00050686
DataValue, -0.2, -0.00056316
DataValue, -0.22, -0.00062004000000000009
DataValue, -0.24000000000000002, -0.00067684000000000006
DataValue, -0.26, -0.00073342
DataValue, -0.28, -0.00079028000000000008
DataValue, -0.3, -0.00084728000000000006
DataValue, -0.32, -0.00090424000000000006
DataValue, -0.34, -0.0009617400000000001
DataValue, -0.36000000000000004, -0.00101874
DataValue, -0.38, -0.00107612
DataValue, -0.4, -0.0011337200000000002
DataValue, -0.42000000000000004, -0.0011908
DataValue, -0.44, -0.0012488
DataValue, -0.46, -0.001307
DataValue, -0.48000000000000004, -0.0013644
DataValue, -0.5, -0.0014222
DataValue, -0.52, -0.0014798
DataValue, -0.54, -0.0015374
DataValue, -0.56, -0.001595
DataValue, -0.58000000000000007, -0.0016526
DataValue, -0.6, -0.0017096000000000001
DataValue, -0.62, -0.0017670000000000001
DataValue, -0.64, -0.0018256000000000001
DataValue, -0.66, -0.0018824
DataValue, -0.68, -0.001941
DataValue, -0.70000000000000007, -0.002
DataValue, -0.72000000000000008, -0.0020574
DataValue, -0.74, -0.0021156
DataValue, -0.76, -0.0021738
DataValue, -0.78, -0.0022318
DataValue, -0.8, -0.0022902
DataValue, -0.82000000000000006, -0.0023482
DataValue, -0.84000000000000008, -0.002406
DataValue, -0.86, -0.002466
DataValue, -0.88, -0.0025228
DataValue, -0.9, -0.0025794
DataValue, -0.92, -0.0026394
DataValue, -0.94000000000000006, -0.002697
DataValue, -0.96000000000000008, -0.002754
DataValue, -0.98000000000000009, -0.0028108
DataValue, -1, -0.0028696
DataValue, -1.02, -0.0029268000000000002
DataValue, -1.04, -0.0029864
DataValue, -1.06, -0.003042
DataValue, -1.08, -0.0031002
DataValue, -1.1, -0.0031588000000000002
DataValue, -1.12, -0.0032138
DataValue, -1.1400000000000001, -0.0032702
DataValue, -1.1600000000000001, -0.0033284
DataValue, -1.1800000000000002, -0.0033846
DataValue, -1.2, -0.0034396
DataValue, -1.22, -0.0034968
DataValue, -1.24, -0.003553
DataValue, -1.26, -0.0036086
DataValue, -1.28, -0.0036664
DataValue, -1.3, -0.0037208000000000002
DataValue, -1.32, -0.0037790000000000002
DataValue, -1.34, -0.0038358
DataValue, -1.36, -0.0038876
DataValue, -1.3800000000000001, -0.0039434
DataValue, -1.4000000000000001, -0.0039984
DataValue, -1.4200000000000002, -0.0040524
DataValue, -1.4400000000000002, -0.0041062
DataValue, -1.46, -0.004157
DataValue, -1.48, -0.0042068
DataValue, -1.5, -0.0042566
DataValue, -1.52, -0.0043098
DataValue, -1.54, -0.0043566
DataValue, -1.56, -0.0044066
DataValue, -1.58, -0.0044424
DataValue, -1.6, -0.0044608
DataValue, -1.62, -0.0044914
DataValue, -1.6400000000000001, -0.0044768
DataValue, -1.6600000000000001, -0.0043978
DataValue, -1.6800000000000002, -0.0041596
DataValue, -1.7000000000000002, -1.03786E-08
DataValue, -1.72, 3.7603999999999995E-09
DataValue, -1.74, 1.0409199999999998E-08
DataValue, -1.76, -5.0027999999999993E-09
DataValue, -1.78, -8.279E-09
DataValue, -1.8, -1.0192E-08
DataValue, -1.82, 3.7049999999999995E-09
DataValue, -1.84, 9.6701999999999991E-09
DataValue, -1.86, 9.5601999999999985E-09
DataValue, -1.8800000000000001, -2.4813999999999997E-09
DataValue, -1.9000000000000001, -9.7951999999999986E-09
DataValue, -1.9200000000000002, 2.1002E-09
DataValue, -1.9400000000000002, 9.5709999999999985E-09
DataValue, -1.9600000000000002, -2.0011999999999997E-09
DataValue, -1.9800000000000002, -9.5962E-09
DataValue, -2, 2.1974E-09
DataValue, -2, -6.1986E-09
DataValue, -1.9800000000000002, -8.4385999999999985E-09
DataValue, -1.9600000000000002, 8.979999999999999E-11
DataValue, -1.9400000000000002, 9.0056E-09
DataValue, -1.9200000000000002, -6.902E-10
DataValue, -1.9000000000000001, -8.998399999999999E-09
DataValue, -1.8800000000000001, 8.4499999999999987E-10
DataValue, -1.86, 1.01358E-08
DataValue, -1.84, -3.7793999999999996E-09
DataValue, -1.82, -1.0173E-08
DataValue, -1.8, 3.2081999999999997E-09
DataValue, -1.78, 1.01596E-08
DataValue, -1.76, -3.7165999999999998E-09
DataValue, -1.74, -1.0408999999999999E-08
DataValue, -1.72, 1.7975999999999999E-09
DataValue, -1.7000000000000002, 9.5988E-09
DataValue, -1.6800000000000002, -1.9851999999999997E-09
DataValue, -1.6600000000000001, -9.7013999999999988E-09
DataValue, -1.6400000000000001, 2.4933999999999997E-09
DataValue, -1.62, 1.02114E-08
DataValue, -1.6, 5.3599999999999995E-11
DataValue, -1.58, -8.7438E-09
DataValue, -1.56, 2.4899999999999997E-10
DataValue, -1.54, 8.8436E-09
DataValue, -1.52, 9.7992E-09
DataValue, -1.5, -2.8361999999999998E-09
DataValue, -1.48, -9.8521999999999987E-09
DataValue, -1.46, 2.3944E-09
DataValue, -1.4400000000000002, 9.69E-09
DataValue, -1.4200000000000002, -2.2162E-09
DataValue, -1.4000000000000001, -9.7947999999999985E-09
DataValue, -1.3800000000000001, 2.6924E-09
DataValue, -1.36, 8.5711999999999987E-09
DataValue, -1.34, -3.7019999999999997E-10
DataValue, -1.32, -6.4859999999999993E-09
DataValue, -1.3, -9.5945999999999991E-09
DataValue, -1.28, 1.8153999999999998E-09
DataValue, -1.26, 9.6431999999999983E-09
DataValue, -1.24, 1.03194E-08
DataValue, -1.22, -4.1252E-09
DataValue, -1.2, -1.0434999999999999E-08
DataValue, -1.1800000000000002, 4.0014E-09
DataValue, -1.1600000000000001, 1.0354E-08
DataValue, -1.1400000000000001, -4.2092E-09
DataValue, -1.12, -1.04992E-08
DataValue, -1.1, 4.077E-09
DataValue, -1.08, 1.0404799999999999E-08
DataValue, -1.06, -3.928E-09
DataValue, -1.04, -1.0333399999999999E-08
DataValue, -1.02, 3.6952E-09
DataValue, -1, 1.02378E-08
DataValue, -0.98000000000000009, -3.8647999999999993E-09
DataValue, -0.96000000000000008, -8.4392E-09
DataValue, -0.94000000000000006, -9.4342E-09
DataValue, -0.92, -1.868E-10
DataValue, -0.9, 1.0316199999999999E-08
DataValue, -0.88, -3.7385999999999995E-09
DataValue, -0.86, -1.0292799999999999E-08
DataValue, -0.84000000000000008, 3.5609999999999996E-09
DataValue, -0.82000000000000006, 1.0307599999999999E-08
DataValue, -0.8, -3.6613999999999998E-09
DataValue, -0.78, -1.02262E-08
DataValue, -0.76, 3.3943999999999998E-09
DataValue, -0.74, 1.00788E-08
DataValue, -0.72000000000000008, -3.1017999999999998E-09
DataValue, -0.70000000000000007, -1.00356E-08
DataValue, -0.68, 2.9817999999999998E-09
DataValue, -0.66, 9.9045999999999982E-09
DataValue, -0.64, -3.0917999999999996E-09
DataValue, -0.62, -9.9824E-09
DataValue, -0.6, 2.7608E-09
DataValue, -0.58000000000000007, 9.874E-09
DataValue, -0.56, 9.7113999999999985E-09
DataValue, -0.54, -2.6504E-09
DataValue, -0.52, -6.630599999999999E-09
DataValue, -0.5, -9.6714E-09
DataValue, -0.48000000000000004, 2.0948E-09
DataValue, -0.46, 9.6026E-09
DataValue, -0.44, -1.8029999999999999E-09
DataValue, -0.42000000000000004, -9.6565999999999983E-09
DataValue, -0.4, 2.4332E-09
DataValue, -0.38, 9.686E-09
DataValue, -0.36000000000000004, 1.03976E-08
DataValue, -0.34, -1.1663999999999998E-09
DataValue, -0.32, -7.1851999999999995E-09
DataValue, -0.3, -8.6717999999999989E-09
DataValue, -0.28, 1.3259999999999999E-10
DataValue, -0.26, 8.7391999999999989E-09
DataValue, -0.24000000000000002, -5.22E-10
DataValue, -0.22, -9.089999999999999E-09
DataValue, -0.2, -4.0567999999999995E-09
DataValue, -0.18000000000000002, 8.6518E-09
DataValue, -0.16, -1.8499999999999998E-10
DataValue, -0.14, -8.558599999999999E-09
DataValue, -0.12000000000000001, 4.24E-11
DataValue, -0.1, 8.4362E-09
DataValue, -0.08, 5.62E-11
DataValue, -0.060000000000000005, -8.3544E-09
DataValue, -0.04, -2.1159999999999997E-10
DataValue, -0.02, 8.265E-09
DataValue, 0, 1.8159999999999997E-10
SetupTitle, SET
PrimitiveTest, I/V Sweep
TestParameter, Context.MainFrame, B1500A
TestParameter, Channel.UnitType, SMU, SMU
TestParameter, Channel.Unit, SMU1:MP, SMU2:MP
TestParameter, Channel.IName, I1, I2
TestParameter, Channel.VName, V1, V2
TestParameter, Channel.Mode, V, V
TestParameter, Channel.Func, VAR1, CONST
TestParameter, Channel.Index, 
TestParameter, Channel.Time, 
TestParameter, Measurement.Port.Unit, SMU1:MP, SMU2:MP
TestParameter, Measurement.Port.SeriesResistor, NONE, NONE
TestParameter, Measurement.Port.Filter, ON, ON
TestParameter, Measurement.Port.OutputVoltageComparison, 0, 0
TestParameter, Measurement.Primary.Locus, Double
TestParameter, Measurement.Primary.Scale, LINEAR
TestParameter, Measurement.Primary.Start, 0
TestParameter, Measurement.Primary.Stop, 5
TestParameter, Measurement.Primary.Step, 0.025
TestParameter, Measurement.Primary.Compliance, 0.0005
TestParameter, Measurement.Primary.PowerCompliance, 0
TestParameter, Measurement.Aborting.Condition, CONTINUE AT ANY
TestParameter, Measurement.PostOutput.Value, START
TestParameter, Measurement.PostOutput.Retention, OFF
TestParameter, Measurement.Bias.Source, 0, 0
TestParameter, Measurement.Bias.Compliance, 0.0005, 0.1
TestParameter, Measurement.Monitor.Unit, SMU1:MP, SMU2:MP
TestParameter, Measurement.Monitor.Adc, HR ADC, HR ADC
TestParameter, Measurement.Monitor.Measurement, Compliance Side, Compliance Side
TestParameter, Measurement.Monitor.RangingMode, LIMITED, LIMITED
TestParameter, Measurement.Monitor.RangeBoundary, 1nA, 1nA
TestParameter, Measurement.Monitor.RangeRating, BY FULL RANGE, BY FULL RANGE
TestParameter, Measurement.Monitor.RangeRatingCoeff, 50, 50
TestParameter, Measurement.Timing.Hold, 0
TestParameter, Measurement.Timing.Delay, 0
TestParameter, Measurement.Adc.HighSpeed.Mode, AUTO
TestParameter, Measurement.Adc.HighSpeed.Coeff, 1
TestParameter, Measurement.Adc.HighResolution.AutoZero, OFF
TestParameter, Measurement.Adc.HighResolution.Mode, AUTO
TestParameter, Measurement.Adc.HighResolution.Coeff, 6
TestParameter, Measurement.WaitTime.Source.Coeff, 1
TestParameter, Measurement.WaitTime.Source.Offset, 0
TestParameter, Measurement.WaitTime.Monitor.Coeff, 1
TestParameter, Measurement.WaitTime.Monitor.Offset, 0
TestParameter, Output.Graph.Enabled, true
TestParameter, Output.Graph.AutoScaling, false
TestParameter, Output.Graph.XAxis.Data, V1
TestParameter, Output.Graph.XAxis.Scale, Linear
TestParameter, Output.Graph.XAxis.Left, 0
TestParameter, Output.Graph.XAxis.Right, 5
TestParameter, Output.Graph.XAxis.RunTimeAutoScale, true
TestParameter, Output.Graph.YAxis.Data, I1
TestParameter, Output.Graph.YAxis.Scale, Linear
TestParameter, Output.Graph.YAxis.Bottom, -0.0005
TestParameter, Output.Graph.YAxis.Top, 0.0005
TestParameter, Output.Graph.YAxis.Group, 
TestParameter, Output.Graph.YAxis.RunTimeAutoScale, true
TestParameter, AutoAnalysis.Interpolation, false
TestParameter, AutoAnalysis.Var2StepCount, 1
TestParameter, AutoAnalysis.Var2StepScript, 
TestParameter, AutoAnalysis.Line1.Enabled, false
TestParameter, AutoAnalysis.Line1.Type, 1
TestParameter, AutoAnalysis.Line1.Fix, True
TestParameter, AutoAnalysis.Line1.YAxis, 0
TestParameter, AutoAnalysis.Line1.Point1.Type, 0
TestParameter, AutoAnalysis.Line1.Point1.XY.X, 
TestParameter, AutoAnalysis.Line1.Point1.XY.Y, 
TestParameter, AutoAnalysis.Line1.Point1.Data.Var, 
TestParameter, AutoAnalysis.Line1.Point1.Data.Condition, 
TestParameter, AutoAnalysis.Line1.Point1.Data.Start, false
TestParameter, AutoAnalysis.Line1.Point1.Data.StartVar, 
TestParameter, AutoAnalysis.Line1.Point1.Data.StartCondition, 
TestParameter, AutoAnalysis.Line1.Point2.Type, 0
TestParameter, AutoAnalysis.Line1.Point2.XY.X, 
TestParameter, AutoAnalysis.Line1.Point2.XY.Y, 
TestParameter, AutoAnalysis.Line1.Point2.Data.Var, 
TestParameter, AutoAnalysis.Line1.Point2.Data.Condition, 
TestParameter, AutoAnalysis.Line1.Point2.Data.Start, false
TestParameter, AutoAnalysis.Line1.Point2.Data.StartVar, 
TestParameter, AutoAnalysis.Line1.Point2.Data.StartCondition, 
TestParameter, AutoAnalysis.Line1.GradientExpr, 0
TestParameter, AutoAnalysis.Line2.Enabled, false
TestParameter, AutoAnalysis.Line2.Type, 1
TestParameter, AutoAnalysis.Line2.Fix, True
TestParameter, AutoAnalysis.Line2.YAxis, 0
TestParameter, AutoAnalysis.Line2.Point1.Type, 0
TestParameter, AutoAnalysis.Line2.Point1.XY.X, 
TestParameter, AutoAnalysis.Line2.Point1.XY.Y, 
TestParameter, AutoAnalysis.Line2.Point1.Data.Var, 
TestParameter, AutoAnalysis.Line2.Point1.Data.Condition, 
TestParameter, AutoAnalysis.Line2.Point1.Data.Start, false
TestParameter, AutoAnalysis.Line2.Point1.Data.StartVar, 
TestParameter, AutoAnalysis.Line2.Point1.Data.StartCondition, 
TestParameter, AutoAnalysis.Line2.Point2.Type, 0
TestParameter, AutoAnalysis.Line2.Point2.XY.X, 
TestParameter, AutoAnalysis.Line2.Point2.XY.Y, 
TestParameter, AutoAnalysis.Line2.Point2.Data.Var, 
TestParameter, AutoAnalysis.Line2.Point2.Data.Condition, 
TestParameter, AutoAnalysis.Line2.Point2.Data.Start, false
TestParameter, AutoAnalysis.Line2.Point2.Data.StartVar, 
TestParameter, AutoAnalysis.Line2.Point2.Data.StartCondition, 
TestParameter, AutoAnalysis.Line2.GradientExpr, 0
TestParameter, AutoAnalysis.Marker.Enabled, false
TestParameter, AutoAnalysis.Marker.Data.Var, 
TestParameter, AutoAnalysis.Marker.Data.Condition, 
TestParameter, AutoAnalysis.Marker.Data.Start, false
TestParameter, AutoAnalysis.Marker.Data.StartVar, 
TestParameter, AutoAnalysis.Marker.Data.StartCondition, 
MetaData, TestRecord.EntryPoint, false
MetaData, TestRecord.RecordTime, 09/03/2024 13:28:01
MetaData, TestRecord.TestTarget, A8-01-4um-01
MetaData, TestRecord.IterationIndex, 28
MetaData, TestRecord.Preservation, true
MetaData, TestRecord.Flag, 
MetaData, TestRecord.Remarks, 
MetaData, TestRecord.LinkKey, 65b3233c-e6dd-46ee-97d9-548ecead73b9
MetaData, TestRecord.Parameters, 
AnalysisSetup, Analysis.Setup.Vector.Graph.Enabled, true
AnalysisSetup, Analysis.Setup.Vector.Graph.ActiveYAxis, 0
AnalysisSetup, Analysis.Setup.Vector.Graph.LeftYAxis, 0
AnalysisSetup, Analysis.Setup.Vector.Graph.RightYAxis, -1
AnalysisSetup, Analysis.Setup.Vector.Graph.XAxis.Name, V1
AnalysisSetup, Analysis.Setup.Vector.Graph.XAxis.GroupName, 
AnalysisSetup, Analysis.Setup.Vector.Graph.XAxis.RunTimeAutoScale, true
AnalysisSetup, Analysis.Setup.Vector.Graph.XAxis.Unit, V
AnalysisSetup, Analysis.Setup.Vector.Graph.XAxis.Scale, Linear
AnalysisSetup, Analysis.Setup.Vector.Graph.XAxis.Left, 0
AnalysisSetup, Analysis.Setup.Vector.Graph.XAxis.Right, 5
AnalysisSetup, Analysis.Setup.Vector.Graph.YAxis.Name, I1
AnalysisSetup, Analysis.Setup.Vector.Graph.YAxis.GroupName, 
AnalysisSetup, Analysis.Setup.Vector.Graph.YAxis.RunTimeAutoScale, true
AnalysisSetup, Analysis.Setup.Vector.Graph.YAxis.Unit, A
AnalysisSetup, Analysis.Setup.Vector.Graph.YAxis.Scale, Linear
AnalysisSetup, Analysis.Setup.Vector.Graph.YAxis.Bottom, -9E-09
AnalysisSetup, Analysis.Setup.Vector.Graph.YAxis.Top, 0.00051
AnalysisSetup, Analysis.Setup.Vector.Graph.Operation.Marker.Enabled, false
AnalysisSetup, Analysis.Setup.Vector.Graph.Operation.Marker.Interpolation, false
AnalysisSetup, Analysis.Setup.Vector.Graph.Operation.Marker.Index, 0
AnalysisSetup, Analysis.Setup.Vector.Graph.Operation.Marker.Step, 0
AnalysisSetup, Analysis.Setup.Vector.Graph.Operation.Cursor.Enabled, false
AnalysisSetup, Analysis.Setup.Vector.Graph.Operation.Cursor.Active, true
AnalysisSetup, Analysis.Setup.Vector.Graph.Operation.Cursor.NormalX, 0.5
AnalysisSetup, Analysis.Setup.Vector.Graph.Operation.Cursor.NormalY, 1.7646747410339816E-05
AnalysisSetup, Analysis.Setup.Vector.Graph.Operation.Line1.Enabled, false
AnalysisSetup, Analysis.Setup.Vector.Graph.Operation.Line1.Active, false
AnalysisSetup, Analysis.Setup.Vector.Graph.Operation.Line1.Fix, false
AnalysisSetup, Analysis.Setup.Vector.Graph.Operation.Line1.Type, 1
AnalysisSetup, Analysis.Setup.Vector.Graph.Operation.Line1.YAxisIndex, 0
AnalysisSetup, Analysis.Setup.Vector.Graph.Operation.Line1.LastIndex, -1
AnalysisSetup, Analysis.Setup.Vector.Graph.Operation.Line1.LastStep, -1
AnalysisSetup, Analysis.Setup.Vector.Graph.Operation.Line1.Cursor1.Enabled, false
AnalysisSetup, Analysis.Setup.Vector.Graph.Operation.Line1.Cursor1.Active, false
AnalysisSetup, Analysis.Setup.Vector.Graph.Operation.Line1.Cursor1.NormalX, 0.5
AnalysisSetup, Analysis.Setup.Vector.Graph.Operation.Line1.Cursor1.NormalY, 1.7646747410339816E-05
AnalysisSetup, Analysis.Setup.Vector.Graph.Operation.Line1.Cursor2.Enabled, false
AnalysisSetup, Analysis.Setup.Vector.Graph.Operation.Line1.Cursor2.Active, false
AnalysisSetup, Analysis.Setup.Vector.Graph.Operation.Line1.Cursor2.NormalX, 0.5
AnalysisSetup, Analysis.Setup.Vector.Graph.Operation.Line1.Cursor2.NormalY, 1.7646747410339816E-05
AnalysisSetup, Analysis.Setup.Vector.Graph.Operation.Line1.Gradient, 
AnalysisSetup, Analysis.Setup.Vector.Graph.Operation.Line2.Enabled, false
AnalysisSetup, Analysis.Setup.Vector.Graph.Operation.Line2.Active, false
AnalysisSetup, Analysis.Setup.Vector.Graph.Operation.Line2.Fix, false
AnalysisSetup, Analysis.Setup.Vector.Graph.Operation.Line2.Type, 1
AnalysisSetup, Analysis.Setup.Vector.Graph.Operation.Line2.YAxisIndex, 0
AnalysisSetup, Analysis.Setup.Vector.Graph.Operation.Line2.LastIndex, -1
AnalysisSetup, Analysis.Setup.Vector.Graph.Operation.Line2.LastStep, -1
AnalysisSetup, Analysis.Setup.Vector.Graph.Operation.Line2.Cursor1.Enabled, false
AnalysisSetup, Analysis.Setup.Vector.Graph.Operation.Line2.Cursor1.Active, false
AnalysisSetup, Analysis.Setup.Vector.Graph.Operation.Line2.Cursor1.NormalX, 0.5
AnalysisSetup, Analysis.Setup.Vector.Graph.Operation.Line2.Cursor1.NormalY, 1.7646747410339816E-05
AnalysisSetup, Analysis.Setup.Vector.Graph.Operation.Line2.Cursor2.Enabled, false
AnalysisSetup, Analysis.Setup.Vector.Graph.Operation.Line2.Cursor2.Active, false
AnalysisSetup, Analysis.Setup.Vector.Graph.Operation.Line2.Cursor2.NormalX, 0.5
AnalysisSetup, Analysis.Setup.Vector.Graph.Operation.Line2.Cursor2.NormalY, 1.7646747410339816E-05
AnalysisSetup, Analysis.Setup.Vector.Graph.Operation.Line2.Gradient, 
AnalysisSetup, Analysis.Setup.Vector.Graph.Preference.BackgroundColor, -1
AnalysisSetup, Analysis.Setup.Vector.Graph.Preference.TextColor, -16777216
AnalysisSetup, Analysis.Setup.Vector.Graph.Preference.GridColor, -3618616
AnalysisSetup, Analysis.Setup.Vector.Graph.Preference.LineColor, -65336
AnalysisSetup, Analysis.Setup.Vector.Graph.Preference.Var2LabelColor, -11513776
AnalysisSetup, Analysis.Setup.Vector.Graph.Preference.ChangeToColor, -24416
AnalysisSetup, Analysis.Setup.Vector.Graph.Preference.GridStyle, 0
AnalysisSetup, Analysis.Setup.Vector.Graph.Preference.LineStyle, 0
AnalysisSetup, Analysis.Setup.Vector.Graph.Preference.Var2LabelStyle, Adjacent
AnalysisSetup, Analysis.Setup.Vector.Graph.Preference.Plots.Y1.Visible, true
AnalysisSetup, Analysis.Setup.Vector.Graph.Preference.Plots.Y1.PlotColor, -16777036
AnalysisSetup, Analysis.Setup.Vector.Graph.Preference.Plots.Y1.Thickness, 1
AnalysisSetup, Analysis.Setup.Vector.Graph.Preference.Plots.Y1.PlotStyle, 0
AnalysisSetup, Analysis.Setup.Vector.Graph.Preference.Plots.Y2.Visible, true
AnalysisSetup, Analysis.Setup.Vector.Graph.Preference.Plots.Y2.PlotColor, -39936
AnalysisSetup, Analysis.Setup.Vector.Graph.Preference.Plots.Y2.Thickness, 1
AnalysisSetup, Analysis.Setup.Vector.Graph.Preference.Plots.Y2.PlotStyle, 0
AnalysisSetup, Analysis.Setup.Vector.Graph.Preference.Plots.Y3.Visible, true
AnalysisSetup, Analysis.Setup.Vector.Graph.Preference.Plots.Y3.PlotColor, -16731136
AnalysisSetup, Analysis.Setup.Vector.Graph.Preference.Plots.Y3.Thickness, 1
AnalysisSetup, Analysis.Setup.Vector.Graph.Preference.Plots.Y3.PlotStyle, 0
AnalysisSetup, Analysis.Setup.Vector.Graph.Preference.Plots.Y4.Visible, true
AnalysisSetup, Analysis.Setup.Vector.Graph.Preference.Plots.Y4.PlotColor, -8892376
AnalysisSetup, Analysis.Setup.Vector.Graph.Preference.Plots.Y4.Thickness, 1
AnalysisSetup, Analysis.Setup.Vector.Graph.Preference.Plots.Y4.PlotStyle, 0
AnalysisSetup, Analysis.Setup.Vector.Graph.Preference.Plots.Y5.Visible, true
AnalysisSetup, Analysis.Setup.Vector.Graph.Preference.Plots.Y5.PlotColor, -65536
AnalysisSetup, Analysis.Setup.Vector.Graph.Preference.Plots.Y5.Thickness, 1
AnalysisSetup, Analysis.Setup.Vector.Graph.Preference.Plots.Y5.PlotStyle, 0
AnalysisSetup, Analysis.Setup.Vector.Graph.Preference.Plots.Y6.Visible, true
AnalysisSetup, Analysis.Setup.Vector.Graph.Preference.Plots.Y6.PlotColor, -14336
AnalysisSetup, Analysis.Setup.Vector.Graph.Preference.Plots.Y6.Thickness, 1
AnalysisSetup, Analysis.Setup.Vector.Graph.Preference.Plots.Y6.PlotStyle, 0
AnalysisSetup, Analysis.Setup.Vector.Graph.Preference.Plots.Y7.Visible, true
AnalysisSetup, Analysis.Setup.Vector.Graph.Preference.Plots.Y7.PlotColor, -6946586
AnalysisSetup, Analysis.Setup.Vector.Graph.Preference.Plots.Y7.Thickness, 1
AnalysisSetup, Analysis.Setup.Vector.Graph.Preference.Plots.Y7.PlotStyle, 0
AnalysisSetup, Analysis.Setup.Vector.Graph.Preference.Plots.Y8.Visible, true
AnalysisSetup, Analysis.Setup.Vector.Graph.Preference.Plots.Y8.PlotColor, -16733546
AnalysisSetup, Analysis.Setup.Vector.Graph.Preference.Plots.Y8.Thickness, 1
AnalysisSetup, Analysis.Setup.Vector.Graph.Preference.Plots.Y8.PlotStyle, 0
AnalysisSetup, Analysis.Setup.Vector.Graph.Preference.Text.AxisTitle.FontName, Tahoma
AnalysisSetup, Analysis.Setup.Vector.Graph.Preference.Text.AxisTitle.RelativeSize, Medium
AnalysisSetup, Analysis.Setup.Vector.Graph.Preference.Text.AxisTitle.Size, 7
AnalysisSetup, Analysis.Setup.Vector.Graph.Preference.Text.ScaleText.FontName, Tahoma
AnalysisSetup, Analysis.Setup.Vector.Graph.Preference.Text.ScaleText.RelativeSize, Medium
AnalysisSetup, Analysis.Setup.Vector.Graph.Preference.Text.ScaleText.Size, 7
AnalysisSetup, Analysis.Setup.Vector.Graph.Preference.Text.Legend.FontName, Tahoma
AnalysisSetup, Analysis.Setup.Vector.Graph.Preference.Text.Legend.RelativeSize, Medium
AnalysisSetup, Analysis.Setup.Vector.Graph.Preference.Text.Legend.Size, 7
AnalysisSetup, Analysis.Setup.Vector.Graph.Preference.Scale.LogTickedDecadeCount, 6
AnalysisSetup, Analysis.Setup.Vector.Graph.Preference.LogoVisible, true
AnalysisSetup, Analysis.Setup.Vector.Graph.Preference.GridVisible, true
AnalysisSetup, Analysis.Setup.Vector.Graph.Preference.SetupSummaryVisible, false
AnalysisSetup, Analysis.Setup.Vector.Graph.Preference.ChangeColorEnabled, false
AnalysisSetup, Analysis.Setup.Vector.Graph.Preference.MinorTicksValueVisible, false
AnalysisSetup, Analysis.Setup.Vector.Graph.Preference.CursorFormat, 0
AnalysisSetup, Analysis.Setup.Vector.Graph.Preference.CursorDigits, 6
AnalysisSetup, Analysis.Setup.Vector.Graph.Preference.MarkerFormat, 0
AnalysisSetup, Analysis.Setup.Vector.Graph.Preference.MarkerDigits, 6
AnalysisSetup, Analysis.Setup.Vector.Graph.Preference.InterceptFormat, 0
AnalysisSetup, Analysis.Setup.Vector.Graph.Preference.InterceptDigits, 6
AnalysisSetup, Analysis.Setup.Vector.Graph.Preference.Var2LabelVisible, false
AnalysisSetup, Analysis.Setup.Vector.Graph.Preference.ParametersVisible, false
AnalysisSetup, Analysis.Setup.Vector.Graph.Preference.GridNumberFixity, false
AnalysisSetup, Analysis.Setup.Vector.Graph.Preference.AddsVerticalMargin, true
AnalysisSetup, Analysis.Setup.Vector.Graph.Notes, [VAR1] Unit=SMU1:MP, Name=V1, Direction=Double, Linear/Log=LINEAR, Start=0 V, Stop=5 V, Step=25 mV, No. of Steps=201, Compliance=500 uA, Pwr Comp=OFF	[CONSTANTS] Unit=SMU2:MP, Name=V2, Source Mode=V, Source=0 V, Compliance=100 mA
AnalysisSetup, Analysis.Setup.Vector.Graph.SetupInfo, 		2E-05	2E-05	5
AnalysisSetup, Analysis.Setup.Preference.GraphVisible, true
AnalysisSetup, Analysis.Setup.Preference.ListVisible, true
AnalysisSetup, Analysis.Setup.Preference.ScalarVisible, true
AnalysisSetup, Analysis.Setup.Title, SET
Dimension1, 402, 402
Dimension2, 1, 1
DataName, V1, I1
DataValue, 0, 1.0072599999999999E-08
DataValue, 0.025, -2.5722E-09
DataValue, 0.05, 2.8702E-09
DataValue, 0.075, 3.4941999999999998E-09
DataValue, 0.1, 1.7953999999999998E-09
DataValue, 0.125, 1.0573999999999999E-09
DataValue, 0.15, 2.0726799999999997E-08
DataValue, 0.17500000000000002, 2.09686E-08
DataValue, 0.2, 1.99424E-08
DataValue, 0.225, 2.4813399999999997E-08
DataValue, 0.25, 2.23382E-08
DataValue, 0.275, 2.31248E-08
DataValue, 0.3, 3.00924E-08
DataValue, 0.325, 1.82382E-08
DataValue, 0.35000000000000003, 3.7116999999999994E-08
DataValue, 0.375, 3.0452E-08
DataValue, 0.4, 5.2553599999999994E-08
DataValue, 0.425, 6.2109199999999988E-08
DataValue, 0.45, 5.3379399999999993E-08
DataValue, 0.47500000000000003, 4.45594E-08
DataValue, 0.5, 4.4638799999999996E-08
DataValue, 0.525, 5.0213399999999996E-08
DataValue, 0.55, 3.75318E-08
DataValue, 0.57500000000000007, 5.3266199999999993E-08
DataValue, 0.6, 3.51546E-08
DataValue, 0.625, 4.438E-08
DataValue, 0.65, 6.93576E-08
DataValue, 0.675, 6.3014E-08
DataValue, 0.70000000000000007, 7.3764399999999993E-08
DataValue, 0.725, 7.708E-08
DataValue, 0.75, 8.3790399999999993E-08
DataValue, 0.775, 1.168E-07
DataValue, 0.8, 1.032E-07
DataValue, 0.82500000000000007, 9.8899999999999992E-08
DataValue, 0.85, 1.3034E-07
DataValue, 0.875, 1.1194E-07
DataValue, 0.9, 1.1534E-07
DataValue, 0.925, 1.5434E-07
DataValue, 0.95000000000000007, 1.245E-07
DataValue, 0.975, 1.3822E-07
DataValue, 1, 2.3826E-07
DataValue, 1.025, 2.6466E-07
DataValue, 1.05, 2.0682E-07
DataValue, 1.075, 2.2276E-07
DataValue, 1.1, 2.5142E-07
DataValue, 1.125, 2.0406E-07
DataValue, 1.1500000000000001, 2.458E-07
DataValue, 1.175, 3.19E-07
DataValue, 1.2, 3.256E-07
DataValue, 1.225, 2.6702E-07
DataValue, 1.25, 2.8152E-07
DataValue, 1.2750000000000001, 2.415E-07
DataValue, 1.3, 3.4316E-07
DataValue, 1.325, 3.4836E-07
DataValue, 1.35, 2.2314E-07
DataValue, 1.375, 2.7546E-07
DataValue, 1.4000000000000001, 2.7548E-07
DataValue, 1.425, 2.7952E-07
DataValue, 1.45, 3.0684E-07
DataValue, 1.475, 3.3522E-07
DataValue, 1.5, 3.8476E-07
DataValue, 1.5250000000000001, 5.92E-07
DataValue, 1.55, 5.6382E-07
DataValue, 1.575, 4.4604E-07
DataValue, 1.6, 3.9544E-07
DataValue, 1.625, 4.3742E-07
DataValue, 1.6500000000000001, 3.9438E-07
DataValue, 1.675, 4.5556E-07
DataValue, 1.7, 4.6836E-07
DataValue, 1.725, 5.2394E-07
DataValue, 1.75, 5.0266E-07
DataValue, 1.7750000000000001, 4.7826E-07
DataValue, 1.8, 4.935E-07
DataValue, 1.825, 7.2596E-07
DataValue, 1.85, 8.06E-07
DataValue, 1.875, 7.5146E-07
DataValue, 1.9000000000000001, 7.4016E-07
DataValue, 1.925, 6.5925999999999994E-07
DataValue, 1.95, 7.0024E-07
DataValue, 1.975, 7.5622E-07
DataValue, 2, 3.8050000000000005E-07
DataValue, 2.025, 4.9408E-07
DataValue, 2.05, 4.7362E-07
DataValue, 2.075, 4.3208E-07
DataValue, 2.1, 5.0534E-07
DataValue, 2.125, 4.3446E-07
DataValue, 2.15, 4.483E-07
DataValue, 2.1750000000000003, 4.2504E-07
DataValue, 2.2, 5.391E-07
DataValue, 2.225, 3.367E-07
DataValue, 2.25, 5.9588E-07
DataValue, 2.275, 2.5056E-07
DataValue, 2.3000000000000003, 1.859E-07
DataValue, 2.325, 2.4782E-07
DataValue, 2.35, 2.2828E-07
DataValue, 2.375, 4.0328E-07
DataValue, 2.4, 6.6166E-07
DataValue, 2.4250000000000003, 1.4538E-07
DataValue, 2.45, 1.792E-07
DataValue, 2.475, 2.2528E-07
DataValue, 2.5, 1.0678E-07
DataValue, 2.525, 7.39488E-08
DataValue, 2.5500000000000003, 6.896E-08
DataValue, 2.575, 3.2857599999999994E-08
DataValue, 2.6, 2.35976E-08
DataValue, 2.625, 4.4538999999999993E-08
DataValue, 2.65, 2.1105999999999997E-08
DataValue, 2.6750000000000003, 1.7940199999999998E-08
DataValue, 2.7, 2.4010399999999996E-08
DataValue, 2.725, 6.1221999999999994E-09
DataValue, 2.75, 3.49266E-08
DataValue, 2.775, 2.3481999999999998E-08
DataValue, 2.8000000000000003, 2.2941999999999998E-08
DataValue, 2.825, 2.4996399999999996E-08
DataValue, 2.85, 6.6568E-09
DataValue, 2.875, 2.9003599999999998E-08
DataValue, 2.9, 3.8299799999999995E-08
DataValue, 2.9250000000000003, 1.606E-08
DataValue, 2.95, 1.19586E-08
DataValue, 2.975, -7.024E-10
DataValue, 3, -4.7301999999999992E-09
DataValue, 3.025, 1.2512599999999999E-08
DataValue, 3.0500000000000003, -8.9339999999999993E-10
DataValue, 3.075, 3.148E-09
DataValue, 3.1, 2.3324E-09
DataValue, 3.125, 8.6239999999999994E-10
DataValue, 3.15, 3.7129999999999995E-09
DataValue, 3.1750000000000003, 8.069999999999999E-10
DataValue, 3.2, -4.7236E-09
DataValue, 3.225, -6.0579999999999991E-10
DataValue, 3.25, -8.9931999999999991E-09
DataValue, 3.275, 5.9923999999999993E-09
DataValue, 3.3000000000000003, 1.2436599999999999E-08
DataValue, 3.325, -2.5189999999999997E-09
DataValue, 3.35, 3.3141999999999996E-09
DataValue, 3.375, 1.2058E-09
DataValue, 3.4, 8.918E-10
DataValue, 3.4250000000000003, -1.4359999999999998E-10
DataValue, 3.45, -4.4536E-09
DataValue, 3.475, 3.5303999999999997E-09
DataValue, 3.5, 3.1076E-09
DataValue, 3.525, 1.6609999999999997E-09
DataValue, 3.5500000000000003, 1.6281399999999997E-08
DataValue, 3.575, 1.6711199999999997E-08
DataValue, 3.6, 1.58932E-08
DataValue, 3.625, 5.1533999999999992E-09
DataValue, 3.65, 3.5315999999999997E-09
DataValue, 3.6750000000000003, 2.2087999999999997E-09
DataValue, 3.7, 1.56548E-08
DataValue, 3.725, 1.7566999999999998E-08
DataValue, 3.75, 1.7177E-08
DataValue, 3.775, 2.11966E-08
DataValue, 3.8000000000000003, 2.0157399999999998E-08
DataValue, 3.825, 2.1525399999999998E-08
DataValue, 3.85, 1.9954799999999998E-08
DataValue, 3.875, 2.0699399999999997E-08
DataValue, 3.9, 1.84312E-08
DataValue, 3.9250000000000003, 2.1371799999999997E-08
DataValue, 3.95, 2.2577599999999997E-08
DataValue, 3.975, 1.85952E-08
DataValue, 4, 2.1829399999999998E-08
DataValue, 4.025, 2.3762799999999998E-08
DataValue, 4.05, 8.6652E-09
DataValue, 4.075, 2.64306E-08
DataValue, 4.1, 2.4063599999999998E-08
DataValue, 4.125, 1.4475999999999998E-08
DataValue, 4.15, 3.5289799999999996E-08
DataValue, 4.175, 3.23114E-08
DataValue, 4.2, 6.95852E-08
DataValue, 4.225, 1.328E-07
DataValue, 4.25, 2.2342E-07
DataValue, 4.275, 4.6248E-07
DataValue, 4.3, 8.7379999999999992E-08
DataValue, 4.325, 1.3946E-07
DataValue, 4.3500000000000005, 1.1187999999999999E-07
DataValue, 4.375, 2.3278E-07
DataValue, 4.4, 2.8144E-07
DataValue, 4.425, 3.6856E-07
DataValue, 4.45, 1.9182E-07
DataValue, 4.4750000000000005, 1.7356E-07
DataValue, 4.5, 2.164E-07
DataValue, 4.525, 2.8788E-07
DataValue, 4.55, 1.679E-07
DataValue, 4.575, 4.0535999999999997E-07
DataValue, 4.6000000000000005, 3.7026E-07
DataValue, 4.625, 3.4584E-07
DataValue, 4.65, 2.089E-07
DataValue, 4.675, 2.0154E-07
DataValue, 4.7, 3.1476E-07
DataValue, 4.7250000000000005, 2.5752E-07
DataValue, 4.75, 2.141E-07
DataValue, 4.775, 2.8924E-07
DataValue, 4.8, 3.2752E-07
DataValue, 4.825, 3.3116E-07
DataValue, 4.8500000000000005, 3.7944E-07
DataValue, 4.875, 0.00050002
DataValue, 4.9, 0.00050002
DataValue, 4.925, 0.00050002
DataValue, 4.95, 0.00050002
DataValue, 4.9750000000000005, 0.0005
DataValue, 5, 0.0005
DataValue, 5, 0.0005
DataValue, 4.9750000000000005, 0.00050002
DataValue, 4.95, 0.00050002
DataValue, 4.925, 0.0005
DataValue, 4.9, 0.0005
DataValue, 4.875, 0.0005
DataValue, 4.8500000000000005, 0.0005
DataValue, 4.825, 0.0005
DataValue, 4.8, 0.0005
DataValue, 4.775, 0.00050002
DataValue, 4.75, 0.00050002
DataValue, 4.7250000000000005, 0.0005
DataValue, 4.7, 0.00049998
DataValue, 4.675, 0.00050002
DataValue, 4.65, 0.00050002
DataValue, 4.625, 0.00050002
DataValue, 4.6000000000000005, 0.00050002
DataValue, 4.575, 0.0005
DataValue, 4.55, 0.0005
DataValue, 4.525, 0.0005
DataValue, 4.5, 0.0005
DataValue, 4.4750000000000005, 0.00050002
DataValue, 4.45, 0.0005
DataValue, 4.425, 0.00050002
DataValue, 4.4, 0.0005
DataValue, 4.375, 0.0005
DataValue, 4.3500000000000005, 0.00050002
DataValue, 4.325, 0.0005
DataValue, 4.3, 0.0005
DataValue, 4.275, 0.0005
DataValue, 4.25, 0.0005
DataValue, 4.225, 0.0005
DataValue, 4.2, 0.0005
DataValue, 4.175, 0.0005
DataValue, 4.15, 0.0005
DataValue, 4.125, 0.00050002
DataValue, 4.1, 0.00050002
DataValue, 4.075, 0.00050002
DataValue, 4.05, 0.00049998
DataValue, 4.025, 0.00050002
DataValue, 4, 0.0005
DataValue, 3.975, 0.0005
DataValue, 3.95, 0.00050002
DataValue, 3.9250000000000003, 0.0005
DataValue, 3.9, 0.0005
DataValue, 3.875, 0.0005
DataValue, 3.85, 0.0005
DataValue, 3.825, 0.00050002
DataValue, 3.8000000000000003, 0.00050002
DataValue, 3.775, 0.00050002
DataValue, 3.75, 0.0005
DataValue, 3.725, 0.00050002
DataValue, 3.7, 0.00050002
DataValue, 3.6750000000000003, 0.00050002
DataValue, 3.65, 0.00050002
DataValue, 3.625, 0.00049998
DataValue, 3.6, 0.0005
DataValue, 3.575, 0.0005
DataValue, 3.5500000000000003, 0.0005
DataValue, 3.525, 0.0005
DataValue, 3.5, 0.0005
DataValue, 3.475, 0.0005
DataValue, 3.45, 0.00050002
DataValue, 3.4250000000000003, 0.00050002
DataValue, 3.4, 0.0005
DataValue, 3.375, 0.0005
DataValue, 3.35, 0.0005
DataValue, 3.325, 0.00049998
DataValue, 3.3000000000000003, 0.0005
DataValue, 3.275, 0.0005
DataValue, 3.25, 0.0005
DataValue, 3.225, 0.0005
DataValue, 3.2, 0.0005
DataValue, 3.1750000000000003, 0.0005
DataValue, 3.15, 0.0005
DataValue, 3.125, 0.0005
DataValue, 3.1, 0.0005
DataValue, 3.075, 0.00050002
DataValue, 3.0500000000000003, 0.00049998
DataValue, 3.025, 0.00050002
DataValue, 3, 0.0005
DataValue, 2.975, 0.0005
DataValue, 2.95, 0.00049998
DataValue, 2.9250000000000003, 0.00050002
DataValue, 2.9, 0.00049998
DataValue, 2.875, 0.00049998
DataValue, 2.85, 0.00050002
DataValue, 2.825, 0.00050002
DataValue, 2.8000000000000003, 0.00049998
DataValue, 2.775, 0.00050002
DataValue, 2.75, 0.00050002
DataValue, 2.725, 0.00050002
DataValue, 2.7, 0.00050002
DataValue, 2.6750000000000003, 0.0005
DataValue, 2.65, 0.0005
DataValue, 2.625, 0.0005
DataValue, 2.6, 0.0005
DataValue, 2.575, 0.0005
DataValue, 2.5500000000000003, 0.00050002
DataValue, 2.525, 0.0005
DataValue, 2.5, 0.00049998
DataValue, 2.475, 0.0005
DataValue, 2.45, 0.00050002
DataValue, 2.4250000000000003, 0.0005
DataValue, 2.4, 0.0005
DataValue, 2.375, 0.00050002
DataValue, 2.35, 0.00049998
DataValue, 2.325, 0.00050002
DataValue, 2.3000000000000003, 0.0005
DataValue, 2.275, 0.0005
DataValue, 2.25, 0.00050002
DataValue, 2.225, 0.00050002
DataValue, 2.2, 0.00050002
DataValue, 2.1750000000000003, 0.00050002
DataValue, 2.15, 0.0005
DataValue, 2.125, 0.0005
DataValue, 2.1, 0.0005
DataValue, 2.075, 0.0005
DataValue, 2.05, 0.00050002
DataValue, 2.025, 0.0005
DataValue, 2, 0.0005
DataValue, 1.975, 0.00049998
DataValue, 1.95, 0.00049998
DataValue, 1.925, 0.0005
DataValue, 1.9000000000000001, 0.00050002
DataValue, 1.875, 0.0005
DataValue, 1.85, 0.00050002
DataValue, 1.825, 0.00050002
DataValue, 1.8, 0.0005
DataValue, 1.7750000000000001, 0.0005
DataValue, 1.75, 0.00050002
DataValue, 1.725, 0.00050002
DataValue, 1.7, 0.0005
DataValue, 1.675, 0.00049998
DataValue, 1.6500000000000001, 0.0005
DataValue, 1.625, 0.0005
DataValue, 1.6, 0.0005
DataValue, 1.575, 0.0005
DataValue, 1.55, 0.00050002
DataValue, 1.5250000000000001, 0.00050002
DataValue, 1.5, 0.0005
DataValue, 1.475, 0.0005
DataValue, 1.45, 0.0005
DataValue, 1.425, 0.0005
DataValue, 1.4000000000000001, 0.00050002
DataValue, 1.375, 0.0005
DataValue, 1.35, 0.00050002
DataValue, 1.325, 0.00050002
DataValue, 1.3, 0.0005
DataValue, 1.2750000000000001, 0.0005
DataValue, 1.25, 0.0005
DataValue, 1.225, 0.0005
DataValue, 1.2, 0.00050002
DataValue, 1.175, 0.0005
DataValue, 1.1500000000000001, 0.0005
DataValue, 1.125, 0.00050002
DataValue, 1.1, 0.00049998
DataValue, 1.075, 0.0005
DataValue, 1.05, 0.00050002
DataValue, 1.025, 0.0005
DataValue, 1, 0.0005
DataValue, 0.975, 0.0005
DataValue, 0.95000000000000007, 0.00050002
DataValue, 0.925, 0.0005
DataValue, 0.9, 0.0005
DataValue, 0.875, 0.00050002
DataValue, 0.85, 0.0005
DataValue, 0.82500000000000007, 0.0005
DataValue, 0.8, 0.00050002
DataValue, 0.775, 0.0005
DataValue, 0.75, 0.00050002
DataValue, 0.725, 0.0005
DataValue, 0.70000000000000007, 0.0005
DataValue, 0.675, 0.0005
DataValue, 0.65, 0.0005
DataValue, 0.625, 0.00050002
DataValue, 0.6, 0.0005
DataValue, 0.57500000000000007, 0.0005
DataValue, 0.55, 0.00049998
DataValue, 0.525, 0.0005
DataValue, 0.5, 0.00050002
DataValue, 0.47500000000000003, 0.00049998
DataValue, 0.45, 0.0005
DataValue, 0.425, 0.0005
DataValue, 0.4, 0.0005
DataValue, 0.375, 0.0005
DataValue, 0.35000000000000003, 0.00050002
DataValue, 0.325, 0.0005
DataValue, 0.3, 0.00050002
DataValue, 0.275, 0.0005
DataValue, 0.25, 0.0005
DataValue, 0.225, 0.00049998
DataValue, 0.2, 0.0005
DataValue, 0.17500000000000002, 0.00049444000000000007
DataValue, 0.15, 0.0004239
DataValue, 0.125, 0.00035258
DataValue, 0.1, 0.00028220000000000003
DataValue, 0.075, 0.00021186000000000002
DataValue, 0.05, 0.00014158
DataValue, 0.025, 7.0906E-05
DataValue, 0, 1.9527999999999999E-07