[run] input=/home/hm5701/Documents/PINN/Variability_Project_v0.0.3/step02_S1/S1_A8-04-4um-02_representative_curve_FIXED.csv
[run] outdir=/home/hm5701/Documents/PINN/Variability_Project_v0.0.3/results/S1_taofit_S1_A8-04-4um-02_20260605_124425
[main] loading data from /home/hm5701/Documents/PINN/Variability_Project_v0.0.3/step02_S1/S1_A8-04-4um-02_representative_curve_FIXED.csv
[main] Stage 1: physics-informed priors
[main] Stage 2: Fisher identifiability
[main] Stage 3: Bayesian optimization with HSPICE
|=======================================================================================================================================================================================================================================================================================================================|
| Iter | Eval   | Objective   | Objective   | BestSoFar   | BestSoFar   |           I0 |           g0 |           Rs |       V0_set |       V0_res |   gamma0_set |       Ea_set |       Ea_res |    F_min_set |    F_min_res |     Vel0_set |     Vel0_res |  gap_max_set |  gap_max_res |  gap_ini_set |  gap_ini_res |
|      | result |             | runtime     | (observed)  | (estim.)    |              |              |              |              |              |              |              |              |              |              |              |              |              |              |              |              |
|=======================================================================================================================================================================================================================================================================================================================|
|    1 | Best   |         948 |      41.008 |         948 |         948 |   2.7881e-08 |   4.1482e-10 |        73963 |      0.77411 |      0.66923 |       5.9553 |      0.95172 |       0.3285 |   5.6599e+08 |   1.3018e+09 |      0.10428 |       1.8567 |   2.4471e-09 |   1.7502e-09 |   7.1837e-10 |   5.9586e-11 |
|    2 | Accept |      1248.3 |        40.9 |         948 |         948 |   7.8232e-05 |   4.9122e-10 |   2.2775e+05 |      0.66894 |      0.68899 |       5.8791 |      0.76199 |      0.54102 |   2.6655e+09 |   1.2249e+09 |      0.46854 |       2.8489 |   1.3496e-09 |   1.9314e-09 |   8.2486e-10 |   1.1626e-10 |
|    3 | Best   |      822.35 |      40.897 |      822.35 |      822.35 |   7.8605e-06 |    2.102e-10 |       1018.8 |      0.75281 |      0.58025 |       5.5182 |      0.21754 |       0.5919 |   1.5813e+09 |   1.6087e+09 |       2.2802 |       7.1314 |   1.6648e-09 |   2.0217e-09 |   2.0011e-09 |   1.9386e-10 |
|    4 | Best   |      473.91 |      40.892 |      473.91 |      473.91 |   0.00048342 |   1.6963e-10 |       76.531 |      0.75927 |      0.48882 |       7.9751 |      0.57296 |      0.23482 |   1.3156e+09 |   1.3259e+09 |       18.846 |      0.13467 |    1.582e-09 |   2.3619e-09 |   7.3797e-10 |    1.987e-10 |
|    5 | Accept |      474.91 |      40.903 |      473.91 |      473.91 |   1.9698e-07 |   2.8278e-10 |        14495 |      0.63459 |      0.78197 |       7.7169 |      0.61582 |      0.85201 |   1.1344e+09 |    2.313e+09 |        2.436 |       6.3742 |   1.5311e-09 |   1.0415e-09 |   5.4457e-10 |   2.0463e-10 |
|    6 | Accept |       15380 |       40.89 |      473.91 |      473.91 |   4.0593e-08 |   4.4038e-10 |   8.1642e+05 |      0.45161 |      0.50152 |       7.9576 |      0.61091 |      0.53044 |   8.5719e+08 |   2.3801e+09 |       7.8269 |      0.11752 |   2.3514e-09 |   1.4659e-09 |   1.1324e-09 |   2.2212e-10 |
|    7 | Accept |       10299 |      40.881 |      473.91 |      473.91 |   1.0325e-08 |    1.932e-10 |   5.8263e+05 |      0.70999 |      0.67188 |       4.2625 |      0.52549 |      0.62406 |   1.5905e+09 |   2.5782e+09 |       1.1712 |       9.6271 |   2.5161e-09 |   2.2587e-09 |   1.7884e-09 |   2.3425e-10 |
|    8 | Accept |      1001.6 |      40.877 |      473.91 |      473.91 |   4.0642e-06 |   2.1171e-10 |       164.52 |      0.56934 |      0.80976 |        4.716 |      0.70119 |      0.56304 |   9.0484e+08 |   1.7074e+09 |       1.3132 |        0.268 |   1.9634e-09 |   1.9816e-09 |   1.9582e-09 |     2.38e-10 |
|    9 | Best   |      382.59 |      40.888 |      382.59 |      382.59 |   1.3272e-05 |   2.5255e-10 |         3303 |      0.79005 |      0.60328 |       4.6874 |      0.66889 |      0.12035 |   8.3265e+08 |   2.9374e+09 |       3.1797 |       5.8182 |   1.3963e-09 |   1.6922e-09 |    2.193e-09 |   1.9264e-10 |
|   10 | Best   |      279.87 |      40.882 |      279.87 |      279.87 |   2.3442e-06 |   3.5233e-10 |        586.5 |      0.74066 |      0.70552 |       6.1741 |      0.28561 |      0.92943 |    6.878e+08 |    2.736e+09 |       13.132 |      0.14365 |   1.0154e-09 |   2.0523e-09 |   1.5695e-09 |   1.8402e-10 |
|   11 | Accept |      2437.5 |      40.888 |      279.87 |      279.87 |     0.002405 |   2.3599e-10 |   3.1184e+05 |      0.64806 |      0.51251 |       8.5593 |      0.20205 |       0.6998 |   2.0389e+09 |   1.4582e+09 |      0.72698 |       1.4949 |   1.6623e-09 |   2.2131e-09 |   6.0606e-10 |    1.791e-10 |
|   12 | Best   |      39.124 |       40.89 |      39.124 |      39.124 |   0.00023481 |   4.5906e-10 |       1002.5 |       0.7826 |      0.70482 |       5.3647 |      0.96551 |      0.80246 |   9.4188e+08 |   6.5095e+08 |       1.2894 |       2.0519 |   2.4069e-09 |   2.2602e-09 |   1.0236e-09 |   1.8581e-10 |
|   13 | Accept |      52.654 |      40.867 |      39.124 |      39.124 |   0.00054426 |   3.1682e-10 |       36.373 |      0.62696 |      0.50508 |       5.7978 |      0.78602 |      0.58198 |   5.7584e+08 |   8.8377e+08 |       6.3999 |      0.36049 |     2.01e-09 |   1.9712e-09 |   8.6297e-10 |   6.0174e-11 |
|   14 | Accept |      3050.6 |      40.878 |      39.124 |      39.124 |   3.5151e-08 |   2.2019e-10 |   2.8731e+05 |       0.6778 |      0.78338 |       7.1432 |      0.97102 |      0.86803 |   8.9079e+08 |   2.3975e+09 |       9.0828 |       1.3931 |   2.5612e-09 |   2.3229e-09 |   8.7521e-10 |   2.4871e-10 |
|   15 | Accept |      393.47 |      40.876 |      39.124 |      39.125 |   1.5381e-05 |   2.0141e-10 |       1370.9 |      0.74605 |      0.80925 |         6.94 |      0.59667 |      0.62887 |   5.5825e+08 |   2.6308e+09 |      0.11824 |      0.28249 |   1.8941e-09 |     1.83e-09 |   9.5272e-10 |   1.1774e-10 |
|   16 | Accept |      52.467 |      40.881 |      39.124 |      39.124 |   7.6881e-05 |   2.8422e-10 |       4347.2 |      0.45212 |      0.58821 |       5.9767 |      0.75112 |      0.56575 |   7.3129e+08 |   9.5733e+08 |        2.258 |      0.49189 |   1.2334e-09 |   1.0512e-09 |   1.0961e-09 |   1.8119e-10 |
|   17 | Best   |      29.108 |      40.884 |      29.108 |      29.108 |   0.00055156 |   3.4423e-10 |       1282.6 |      0.57909 |      0.70726 |       7.8004 |      0.49787 |      0.11585 |   2.4249e+09 |   1.3205e+09 |       6.0986 |       2.1627 |   2.2415e-09 |   1.1035e-09 |   1.1285e-09 |   2.0457e-10 |
|   18 | Accept |      51.882 |      40.876 |      29.108 |      29.108 |   0.00017448 |   4.7091e-10 |       687.67 |       0.7181 |      0.48411 |       5.9477 |      0.52474 |      0.44108 |   1.8575e+09 |   1.2171e+09 |      0.33038 |       18.325 |   1.7469e-09 |   2.2116e-09 |   1.4856e-09 |   2.4016e-10 |
|   19 | Accept |      837.05 |       40.88 |      29.108 |      29.108 |   1.2341e-08 |    3.876e-10 |        52711 |      0.67682 |      0.62938 |       8.6499 |      0.47084 |      0.66626 |   9.0207e+08 |   8.6127e+08 |       1.4817 |       10.839 |   1.2975e-09 |   1.0314e-09 |   2.0777e-09 |   8.9996e-11 |
|   20 | Accept |      248.01 |      40.871 |      29.108 |      29.108 |   3.5727e-06 |   3.7728e-10 |        10095 |      0.69249 |      0.53351 |       4.6761 |      0.68623 |      0.12226 |   8.5284e+08 |   1.1884e+09 |      0.12663 |       3.1512 |   1.1281e-09 |   1.6692e-09 |   2.2208e-09 |   7.5123e-11 |
|=======================================================================================================================================================================================================================================================================================================================|
| Iter | Eval   | Objective   | Objective   | BestSoFar   | BestSoFar   |           I0 |           g0 |           Rs |       V0_set |       V0_res |   gamma0_set |       Ea_set |       Ea_res |    F_min_set |    F_min_res |     Vel0_set |     Vel0_res |  gap_max_set |  gap_max_res |  gap_ini_set |  gap_ini_res |
|      | result |             | runtime     | (observed)  | (estim.)    |              |              |              |              |              |              |              |              |              |              |              |              |              |              |              |              |
|=======================================================================================================================================================================================================================================================================================================================|
|   21 | Accept |      528.65 |      40.877 |      29.108 |      29.108 |   1.5385e-05 |   1.7006e-10 |       9600.2 |      0.46232 |      0.46702 |       5.6159 |      0.64551 |      0.51481 |   6.0615e+08 |   2.8727e+09 |       0.7693 |       4.2331 |   1.2205e-09 |   2.0667e-09 |    2.207e-09 |   8.1016e-11 |
|   22 | Accept |       234.6 |      40.875 |      29.108 |      29.108 |   5.7669e-06 |    3.356e-10 |        10858 |      0.74809 |      0.56612 |       8.5568 |      0.72777 |      0.66473 |   2.6112e+09 |   9.6377e+08 |       4.0379 |      0.59047 |   2.3746e-09 |   1.8719e-09 |   7.8278e-10 |   7.4877e-11 |
|   23 | Accept |      69.425 |      40.879 |      29.108 |      29.109 |   0.00095626 |   1.8158e-10 |        19085 |      0.70466 |      0.80658 |       8.6017 |      0.72551 |       0.8212 |   1.0862e+09 |   1.3602e+09 |       1.2779 |      0.11421 |   1.2686e-09 |   2.5339e-09 |   1.5215e-09 |   1.9749e-10 |
|   24 | Accept |      911.95 |       40.89 |      29.108 |      29.109 |   1.0557e-05 |   1.8987e-10 |        50770 |      0.54373 |      0.60422 |       6.6238 |      0.67019 |      0.85544 |    5.799e+08 |   1.1564e+09 |      0.31528 |      0.10542 |   2.2397e-09 |   2.2257e-09 |   1.7633e-09 |   1.9475e-10 |
|   25 | Accept |      919.85 |      40.876 |      29.108 |      29.109 |   3.0952e-08 |   2.4373e-10 |       1563.3 |      0.56819 |      0.74943 |       4.8033 |      0.56397 |      0.21934 |   5.9046e+08 |   5.2253e+08 |       9.1233 |       13.174 |    1.026e-09 |   1.2136e-09 |   1.3992e-09 |   2.2019e-10 |
|   26 | Accept |      1929.7 |      40.881 |      29.108 |      29.108 |   6.5066e-08 |   1.6842e-10 |       52.188 |       0.6787 |       0.7831 |       4.9785 |        0.546 |      0.84286 |   2.6943e+09 |   9.7922e+08 |       4.3961 |      0.24303 |   1.4103e-09 |   2.5366e-09 |   1.2264e-09 |   5.8893e-11 |
|   27 | Accept |      491.11 |      40.882 |      29.108 |      29.109 |   6.6345e-07 |   3.0566e-10 |       32.883 |      0.78886 |      0.45502 |         4.44 |      0.90924 |       0.7191 |   1.9108e+09 |    7.002e+08 |       1.4197 |       2.4853 |    1.594e-09 |   2.2413e-09 |   6.5451e-10 |   2.1446e-10 |
|   28 | Accept |      748.72 |      40.885 |      29.108 |      29.109 |   1.3668e-07 |   2.1068e-10 |       13.067 |      0.62909 |      0.57136 |       8.7177 |      0.13427 |      0.26841 |   2.1375e+09 |   1.8794e+09 |       1.3684 |        1.474 |   1.1589e-09 |   1.4269e-09 |   7.4341e-10 |   8.3756e-11 |
|   29 | Accept |      103.97 |      40.881 |      29.108 |      29.108 |   3.1861e-05 |   2.9324e-10 |        17554 |      0.72899 |      0.62211 |       4.4931 |      0.90283 |      0.36421 |   7.4469e+08 |   2.6438e+09 |       2.4644 |      0.87621 |   1.1132e-09 |    1.143e-09 |   8.1677e-10 |   2.2479e-10 |
|   30 | Accept |      548.67 |       40.88 |      29.108 |      29.108 |   1.1934e-07 |   3.0751e-10 |       328.26 |      0.48963 |      0.56402 |       7.7844 |        0.823 |      0.84232 |   9.0571e+08 |   1.2011e+09 |       1.6484 |       7.0921 |   2.4922e-09 |   1.2443e-09 |   1.5403e-09 |   7.1247e-11 |
|   31 | Accept |      434.04 |      40.867 |      29.108 |      29.108 |   3.4778e-06 |   3.4679e-10 |        22743 |      0.59067 |      0.70704 |       6.9602 |      0.92572 |      0.70808 |    1.455e+09 |     1.04e+09 |      0.17568 |       1.2915 |   2.1645e-09 |   2.2973e-09 |   1.5743e-09 |   1.6211e-10 |
|   32 | Accept |      219.03 |      40.864 |      29.108 |      29.108 |   0.00019271 |   2.2502e-10 |       53.678 |      0.75303 |      0.45885 |       4.3282 |      0.36071 |      0.24172 |   5.8248e+08 |   7.8568e+08 |      0.21752 |      0.43441 |   2.3061e-09 |   1.1772e-09 |   1.8232e-09 |   8.2145e-11 |
|   33 | Accept |      344.33 |      40.872 |      29.108 |      29.108 |   0.00023515 |    1.635e-10 |       9939.9 |      0.71741 |      0.73046 |       6.9245 |      0.46645 |      0.74379 |   2.7184e+09 |   2.2573e+09 |      0.30597 |       1.1232 |   2.3514e-09 |   2.1598e-09 |   1.1683e-09 |   1.5057e-10 |
|   34 | Accept |      454.29 |      40.875 |      29.108 |      29.109 |   2.0009e-06 |   3.1927e-10 |       30.375 |      0.79247 |      0.73737 |       5.7933 |        0.125 |      0.25016 |   1.1552e+09 |   7.2659e+08 |       7.2827 |      0.54022 |    1.152e-09 |    2.014e-09 |   1.8279e-09 |   7.5817e-11 |
|   35 | Accept |      418.03 |      40.872 |      29.108 |      29.109 |   3.1401e-05 |   1.6046e-10 |   1.0727e+05 |      0.48237 |      0.80254 |       5.4922 |      0.83305 |      0.71783 |   8.7017e+08 |   2.3609e+09 |      0.71888 |      0.20075 |   1.2258e-09 |   1.3188e-09 |   1.3178e-09 |   1.2939e-10 |
|   36 | Accept |      108.42 |       40.89 |      29.108 |       29.11 |   0.00014896 |   2.1734e-10 |       827.75 |      0.50636 |      0.47074 |       5.7478 |      0.95946 |      0.97836 |   6.5598e+08 |   1.8891e+09 |      0.10799 |       15.182 |   1.4396e-09 |   1.6678e-09 |   1.1396e-09 |   2.0647e-10 |
|   37 | Accept |      3024.8 |      40.878 |      29.108 |      29.108 |   0.00089623 |   3.5483e-10 |   3.6122e+05 |      0.47465 |      0.61366 |       6.5896 |      0.56687 |      0.36297 |   7.5676e+08 |   9.0741e+08 |      0.43176 |       12.048 |   2.1021e-09 |   1.5719e-09 |   1.5302e-09 |   1.5765e-10 |
|   38 | Accept |      1167.2 |      40.887 |      29.108 |      29.108 |    0.0010983 |   1.5683e-10 |   2.1727e+05 |      0.65172 |       0.6905 |       6.9156 |      0.54013 |      0.87414 |   9.1582e+08 |   2.6972e+09 |       17.482 |      0.73599 |   1.2605e-09 |    1.941e-09 |   5.2516e-10 |   1.7404e-10 |
|   39 | Accept |      498.03 |      40.889 |      29.108 |      29.109 |   7.1103e-06 |   1.5819e-10 |        16.18 |      0.61627 |      0.72581 |       7.3945 |      0.93019 |      0.87498 |   1.1279e+09 |   1.7735e+09 |       1.4889 |      0.17112 |   1.6594e-09 |   1.2678e-09 |   1.4216e-09 |   1.8165e-10 |
|   40 | Accept |      786.05 |      40.885 |      29.108 |      29.109 |   3.2593e-07 |   1.7306e-10 |       50.726 |      0.71017 |      0.74332 |        5.667 |      0.20247 |      0.53381 |   1.7617e+09 |    1.053e+09 |       2.6088 |       2.1579 |   2.0276e-09 |   1.2948e-09 |   6.1763e-10 |   1.9662e-10 |
|=======================================================================================================================================================================================================================================================================================================================|
| Iter | Eval   | Objective   | Objective   | BestSoFar   | BestSoFar   |           I0 |           g0 |           Rs |       V0_set |       V0_res |   gamma0_set |       Ea_set |       Ea_res |    F_min_set |    F_min_res |     Vel0_set |     Vel0_res |  gap_max_set |  gap_max_res |  gap_ini_set |  gap_ini_res |
|      | result |             | runtime     | (observed)  | (estim.)    |              |              |              |              |              |              |              |              |              |              |              |              |              |              |              |              |
|=======================================================================================================================================================================================================================================================================================================================|
|   41 | Accept |      154.43 |      40.872 |      29.108 |      29.109 |    0.0015988 |   2.5404e-10 |       313.54 |      0.49547 |       0.5542 |       4.9279 |      0.57661 |        0.654 |   8.8057e+08 |   9.8537e+08 |       1.1061 |      0.96771 |   1.5459e-09 |   2.1733e-09 |   2.2194e-09 |    5.492e-11 |
|   42 | Accept |      1178.2 |       41.08 |      29.108 |      29.109 |   4.8782e-05 |   2.2923e-10 |   2.1289e+05 |      0.53203 |      0.76878 |       4.4234 |      0.27868 |      0.33204 |   6.4056e+08 |   8.3755e+08 |       1.5624 |       1.7646 |    1.022e-09 |   1.5014e-09 |   6.5132e-10 |   2.1814e-10 |
|   43 | Accept |      144.15 |      40.871 |      29.108 |      29.109 |   0.00044931 |   3.9831e-10 |        59246 |      0.47932 |      0.67763 |        8.676 |      0.60238 |      0.57585 |   6.2209e+08 |   1.6657e+09 |       2.0233 |       1.3388 |   2.0047e-09 |   1.8918e-09 |   1.9027e-09 |   7.0048e-11 |
|   44 | Accept |      40.964 |      40.873 |      29.108 |      29.109 |   0.00047109 |   4.2076e-10 |       8051.8 |      0.76403 |      0.81198 |       7.2193 |      0.41317 |      0.45812 |   2.8266e+09 |   2.5197e+09 |       7.4821 |      0.34835 |   1.9084e-09 |   1.6049e-09 |   1.3418e-09 |   2.2991e-10 |
|   45 | Accept |      1349.8 |      40.887 |      29.108 |      29.109 |   3.7905e-08 |   1.5959e-10 |        16638 |      0.54811 |      0.79504 |       8.4577 |      0.21857 |      0.42236 |   2.0434e+09 |   1.3239e+09 |      0.17365 |       18.717 |   1.3346e-09 |   1.4561e-09 |   9.1557e-10 |   1.6086e-10 |
|   46 | Accept |      3764.1 |      40.872 |      29.108 |      29.109 |   0.00020565 |   2.0174e-10 |   4.0518e+05 |      0.71522 |      0.66833 |        6.821 |       0.4546 |      0.24642 |   5.9496e+08 |   8.7801e+08 |      0.41592 |       1.0816 |   1.7214e-09 |   1.0407e-09 |   5.6112e-10 |   1.2513e-10 |
|   47 | Accept |      652.81 |      40.857 |      29.108 |      29.109 |   4.1352e-08 |   4.0566e-10 |       2994.5 |      0.64128 |      0.66653 |        6.622 |      0.50264 |      0.45314 |   5.3468e+08 |   2.7051e+09 |       19.486 |       1.7235 |   2.4278e-09 |   1.4806e-09 |   1.4348e-09 |   1.4327e-10 |
|   48 | Accept |      577.72 |      41.209 |      29.108 |      29.109 |   5.8269e-05 |   1.5526e-10 |        53702 |      0.52118 |      0.70015 |       6.8053 |      0.21982 |      0.70947 |   5.2764e+08 |   1.5092e+09 |       14.451 |       10.407 |    1.427e-09 |   2.2622e-09 |   1.2709e-09 |   9.8134e-11 |
|   49 | Accept |        2678 |      40.879 |      29.108 |      29.108 |    0.0086851 |   2.5299e-10 |       13.988 |      0.80622 |      0.57747 |       7.0477 |      0.48253 |       0.3566 |    1.184e+09 |   1.6358e+09 |      0.22214 |       14.802 |   2.1394e-09 |   1.2209e-09 |   8.7311e-10 |   1.6394e-10 |
|   50 | Accept |      3410.8 |      40.885 |      29.108 |      29.109 |    0.0098021 |   2.2358e-10 |       4504.6 |      0.68738 |      0.75516 |       4.8721 |      0.12754 |      0.70531 |    9.347e+08 |   8.2463e+08 |      0.15423 |       0.8487 |   1.5275e-09 |   1.2573e-09 |   8.1999e-10 |   1.2228e-10 |
|   51 | Accept |      3435.8 |      40.907 |      29.108 |      29.109 |    0.0097366 |   3.3831e-10 |        51362 |      0.67137 |      0.73388 |       7.1978 |      0.13447 |      0.88035 |   6.8477e+08 |   1.0802e+09 |       14.071 |       1.3175 |   1.7275e-09 |    2.185e-09 |    5.837e-10 |   1.1225e-10 |
|   52 | Accept |       55.39 |      40.879 |      29.108 |      29.109 |   0.00093884 |    4.034e-10 |       728.36 |      0.63076 |      0.45531 |       4.1049 |      0.42134 |      0.62781 |   1.1967e+09 |    2.518e+09 |      0.14654 |      0.14039 |   1.5213e-09 |   1.0144e-09 |   1.8565e-09 |   2.0084e-10 |
|   53 | Accept |      180.48 |       40.88 |      29.108 |      29.109 |   0.00015306 |   2.5925e-10 |         2317 |      0.50981 |      0.55856 |       4.5189 |      0.60355 |      0.18281 |   1.1824e+09 |   2.1253e+09 |       13.692 |      0.10804 |   1.7427e-09 |   2.3422e-09 |   1.1547e-09 |   1.7917e-10 |
|   54 | Accept |       47.61 |      40.869 |      29.108 |      29.109 |   0.00022636 |    4.197e-10 |        20611 |      0.45043 |       0.6764 |       7.3378 |      0.78901 |      0.62417 |   1.3242e+09 |   1.1755e+09 |       9.1296 |      0.27162 |   1.0908e-09 |   2.4568e-09 |   1.5855e-09 |    1.163e-10 |
|   55 | Accept |      123.06 |      40.878 |      29.108 |      29.109 |      9.4e-05 |   3.6631e-10 |       4449.5 |      0.56154 |      0.80749 |       5.0151 |      0.98998 |      0.33356 |   2.9027e+09 |   7.0911e+08 |       11.717 |       4.2433 |   2.1269e-09 |   1.9071e-09 |   1.1352e-09 |   1.7131e-10 |
|   56 | Accept |      432.29 |      40.883 |      29.108 |      29.109 |   3.8497e-06 |   4.9586e-10 |        81722 |      0.78883 |       0.7623 |       7.9439 |      0.71402 |      0.65714 |    1.532e+09 |   2.8709e+09 |      0.34003 |       19.533 |   2.2174e-09 |   1.1065e-09 |   2.1517e-09 |   1.5818e-10 |
|   57 | Accept |      3328.3 |      40.874 |      29.108 |      29.108 |     0.009686 |   2.5664e-10 |       64.943 |      0.74959 |      0.77483 |       4.2784 |      0.77217 |      0.47378 |     1.18e+09 |   1.4386e+09 |       3.1149 |       12.387 |   1.2457e-09 |   1.3281e-09 |   2.1926e-09 |   2.4809e-10 |
|   58 | Accept |       281.4 |      40.871 |      29.108 |      29.108 |    0.0001739 |   2.0212e-10 |       21.181 |      0.48756 |      0.78725 |       8.6478 |       0.8839 |      0.76691 |   9.5941e+08 |   1.5529e+09 |      0.76699 |       5.3319 |   1.1799e-09 |   2.1421e-09 |   9.3211e-10 |   2.0618e-10 |
|   59 | Accept |      36.058 |      40.864 |      29.108 |      29.109 |   0.00032531 |   3.9019e-10 |       323.53 |       0.6594 |      0.70383 |       8.7962 |      0.90333 |      0.72871 |   1.7364e+09 |   2.2971e+09 |       1.0237 |      0.16987 |   2.1802e-09 |   1.7407e-09 |   1.3574e-09 |   1.5668e-10 |
|   60 | Accept |      359.18 |      40.872 |      29.108 |      29.108 |   3.6121e-07 |   4.6703e-10 |       5959.9 |       0.7192 |      0.69967 |       7.4715 |       0.5135 |      0.52832 |   2.2905e+09 |   1.6821e+09 |      0.31224 |      0.11002 |   2.4323e-09 |   1.3224e-09 |   6.4609e-10 |   2.2056e-10 |
|=======================================================================================================================================================================================================================================================================================================================|
| Iter | Eval   | Objective   | Objective   | BestSoFar   | BestSoFar   |           I0 |           g0 |           Rs |       V0_set |       V0_res |   gamma0_set |       Ea_set |       Ea_res |    F_min_set |    F_min_res |     Vel0_set |     Vel0_res |  gap_max_set |  gap_max_res |  gap_ini_set |  gap_ini_res |
|      | result |             | runtime     | (observed)  | (estim.)    |              |              |              |              |              |              |              |              |              |              |              |              |              |              |              |              |
|=======================================================================================================================================================================================================================================================================================================================|
|   61 | Accept |      210.14 |      40.866 |      29.108 |      29.109 |   0.00074726 |   1.7562e-10 |       552.32 |      0.79841 |      0.62105 |       8.7948 |      0.24686 |       0.8139 |   1.2873e+09 |   1.4118e+09 |       2.6972 |      0.10741 |   1.2509e-09 |   1.9923e-09 |   8.7211e-10 |   1.6762e-10 |
|   62 | Accept |      130.23 |      40.872 |      29.108 |      29.109 |   0.00034599 |   2.7479e-10 |       201.22 |      0.62664 |      0.67585 |       5.1096 |      0.90272 |      0.30527 |   9.1024e+08 |   1.0884e+09 |       6.4233 |       13.792 |   1.8647e-09 |   1.5833e-09 |   2.1099e-09 |   1.0506e-10 |
|   63 | Accept |      338.48 |       40.87 |      29.108 |      29.109 |   0.00011097 |   4.8888e-10 |   1.0902e+05 |       0.7785 |      0.56371 |       7.9639 |      0.50475 |      0.24015 |   5.4898e+08 |   6.2038e+08 |       0.1536 |      0.35592 |   2.0555e-09 |   1.7622e-09 |   1.3958e-09 |   8.5502e-11 |
|   64 | Accept |       65.48 |      40.895 |      29.108 |      29.109 |   0.00020903 |   3.8422e-10 |       10.343 |      0.52428 |      0.50976 |       5.8188 |      0.37625 |      0.14018 |   6.2911e+08 |   1.0466e+09 |       2.6589 |        6.134 |   2.3119e-09 |   2.0755e-09 |   6.3849e-10 |    2.324e-10 |
|   65 | Accept |       439.5 |      40.878 |      29.108 |      29.109 |   1.1211e-06 |   3.9648e-10 |       10.112 |      0.46161 |      0.58699 |       5.5971 |      0.84219 |      0.36034 |   5.7883e+08 |    2.135e+09 |       4.0578 |       6.0786 |   2.1252e-09 |    1.931e-09 |   1.8851e-09 |   7.7904e-11 |
|   66 | Accept |      53.951 |       40.87 |      29.108 |      29.109 |   0.00012902 |   4.7177e-10 |       3299.5 |      0.65469 |      0.79556 |       8.7995 |      0.14816 |       0.4201 |   5.4106e+08 |   1.6576e+09 |      0.78263 |       1.2707 |   1.3638e-09 |   1.8851e-09 |   1.4392e-09 |   1.8721e-10 |
|   67 | Accept |      1786.5 |      40.896 |      29.108 |      29.109 |    1.037e-08 |   3.0454e-10 |     1.39e+05 |      0.53533 |       0.7961 |       4.2936 |      0.40962 |       0.4045 |   1.4324e+09 |   2.3643e+09 |       2.5151 |       5.5413 |   1.1931e-09 |   2.3604e-09 |   1.8774e-09 |    5.049e-11 |
|   68 | Accept |      1222.1 |      40.883 |      29.108 |      29.109 |   1.3179e-08 |   4.0852e-10 |       574.55 |      0.64111 |      0.76541 |       7.6517 |      0.97123 |        0.824 |   1.0394e+09 |   2.3712e+09 |       1.8091 |      0.10168 |   1.9783e-09 |   2.3701e-09 |   1.6818e-09 |   5.9051e-11 |
|   69 | Accept |      243.73 |       40.89 |      29.108 |      29.109 |   3.7521e-05 |   2.1558e-10 |       10.066 |      0.70067 |        0.508 |       6.8236 |      0.50005 |      0.42022 |   7.5174e+08 |   6.7479e+08 |       0.9548 |      0.34958 |   1.7315e-09 |   1.4247e-09 |   1.6488e-09 |   1.3687e-10 |
|   70 | Accept |      70.387 |      40.888 |      29.108 |      29.109 |   0.00039441 |   3.6762e-10 |        32723 |      0.79774 |      0.49982 |       7.2142 |      0.74523 |      0.12254 |   8.7749e+08 |   2.3212e+09 |       2.4223 |      0.21132 |   1.9776e-09 |   2.2488e-09 |   1.1989e-09 |   9.5373e-11 |
|   71 | Accept |      821.24 |      40.875 |      29.108 |      29.109 |   5.9723e-07 |   3.4457e-10 |   1.3025e+05 |      0.51686 |       0.5919 |       5.2754 |      0.68503 |      0.17159 |   1.0712e+09 |   2.4108e+09 |       3.3948 |      0.10015 |   1.3899e-09 |   1.4016e-09 |   1.4828e-09 |   2.2594e-10 |
|   72 | Accept |      491.29 |      40.887 |      29.108 |      29.109 |    1.595e-07 |    4.237e-10 |       763.09 |      0.58136 |      0.60831 |       8.6481 |      0.39855 |      0.73977 |   8.8634e+08 |   2.9591e+09 |      0.77441 |      0.20485 |   1.6229e-09 |   1.9705e-09 |   2.1509e-09 |   2.0394e-10 |
|   73 | Accept |      29.478 |      40.871 |      29.108 |      29.109 |    0.0001357 |   4.9156e-10 |       4425.7 |      0.78748 |      0.49065 |       7.8502 |      0.74896 |      0.18276 |   8.5592e+08 |   2.5752e+09 |      0.14921 |      0.10898 |   2.1094e-09 |   1.2215e-09 |   1.4801e-09 |   1.1414e-10 |
|   74 | Accept |      136.82 |      40.881 |      29.108 |      29.109 |   2.5412e-05 |   4.9097e-10 |       389.26 |      0.63372 |      0.76065 |       7.4746 |      0.93911 |      0.25751 |   8.2425e+08 |   1.1269e+09 |       1.9836 |       0.3105 |   1.8836e-09 |   1.5774e-09 |   2.0501e-09 |   2.4807e-10 |
|   75 | Accept |      235.88 |      40.866 |      29.108 |      29.109 |   1.0292e-06 |   4.7763e-10 |       384.81 |      0.50123 |      0.54424 |       8.5932 |      0.20621 |      0.14754 |   5.5909e+08 |   2.4715e+09 |        2.853 |      0.11131 |   1.7907e-09 |    1.779e-09 |   1.4333e-09 |   9.2034e-11 |
|   76 | Accept |      1130.4 |      40.873 |      29.108 |      29.109 |   1.0901e-08 |   4.2898e-10 |       10.069 |      0.72464 |      0.45701 |       4.2044 |      0.91254 |      0.21191 |   6.8891e+08 |   1.2728e+09 |        11.69 |      0.26367 |   1.8084e-09 |   1.8293e-09 |   1.3491e-09 |   1.4051e-10 |
|   77 | Accept |      53.536 |      41.394 |      29.108 |      29.109 |    0.0010065 |   2.5558e-10 |        10474 |      0.57951 |      0.44684 |       7.0102 |      0.46967 |      0.96218 |   1.2915e+09 |   8.9948e+08 |       6.6792 |      0.11029 |   1.8976e-09 |   1.5223e-09 |   9.4813e-10 |   6.9888e-11 |
|   78 | Accept |       69.92 |      40.872 |      29.108 |      29.109 |   0.00073815 |    3.394e-10 |       981.82 |      0.71916 |      0.47927 |       4.1261 |      0.83973 |      0.92045 |   1.7607e+09 |   5.8999e+08 |       2.7774 |      0.24972 |   1.7874e-09 |   1.0278e-09 |   1.9048e-09 |   6.2449e-11 |
|   79 | Accept |      44.867 |      40.871 |      29.108 |      29.109 |   0.00056595 |    4.882e-10 |        14792 |       0.6389 |      0.46868 |       6.1221 |      0.58678 |      0.97192 |   1.0555e+09 |   2.2639e+09 |      0.97753 |      0.43748 |   1.6623e-09 |   1.1637e-09 |   1.4021e-09 |   6.7639e-11 |
|   80 | Accept |      235.05 |      40.885 |      29.108 |      29.109 |   2.6281e-06 |   4.5007e-10 |        13803 |       0.5787 |      0.72132 |       5.3784 |      0.88268 |      0.91483 |   5.4636e+08 |   2.5407e+09 |      0.20287 |      0.35496 |   2.2358e-09 |   1.9914e-09 |    1.051e-09 |   1.3511e-10 |
|=======================================================================================================================================================================================================================================================================================================================|
| Iter | Eval   | Objective   | Objective   | BestSoFar   | BestSoFar   |           I0 |           g0 |           Rs |       V0_set |       V0_res |   gamma0_set |       Ea_set |       Ea_res |    F_min_set |    F_min_res |     Vel0_set |     Vel0_res |  gap_max_set |  gap_max_res |  gap_ini_set |  gap_ini_res |
|      | result |             | runtime     | (observed)  | (estim.)    |              |              |              |              |              |              |              |              |              |              |              |              |              |              |              |              |
|=======================================================================================================================================================================================================================================================================================================================|
|   81 | Accept |      64.371 |      40.884 |      29.108 |      29.109 |   5.9705e-05 |   4.9319e-10 |       1657.8 |      0.44654 |      0.80435 |       7.5729 |      0.62298 |      0.76577 |   5.0356e+08 |   5.5207e+08 |       1.2038 |       0.1676 |   2.5974e-09 |   1.1243e-09 |   2.1375e-09 |   5.0456e-11 |
|   82 | Accept |        41.1 |      40.889 |      29.108 |      29.109 |   0.00022046 |   4.1649e-10 |       36.525 |      0.46892 |      0.49775 |       6.4735 |      0.80312 |      0.19741 |   1.0182e+09 |   2.9469e+09 |      0.82467 |       4.4712 |   2.2707e-09 |   2.1805e-09 |   1.5776e-09 |   7.6798e-11 |
|   83 | Accept |       35.19 |      40.883 |      29.108 |      29.109 |   0.00062053 |   4.3776e-10 |       271.32 |      0.49861 |      0.50537 |       4.1362 |      0.69234 |      0.26456 |    1.177e+09 |   1.1202e+09 |       3.3023 |      0.18473 |   1.3166e-09 |   1.3402e-09 |   1.4653e-09 |   1.2945e-10 |
|   84 | Accept |      537.49 |      40.867 |      29.108 |      29.109 |   1.6438e-07 |   4.5966e-10 |        43066 |      0.50109 |      0.48584 |       4.8021 |      0.82983 |      0.25159 |   2.8597e+09 |   2.7594e+09 |       14.884 |      0.16915 |   1.0912e-09 |   1.9656e-09 |   1.7526e-09 |   6.5733e-11 |
|   85 | Accept |      30.625 |      40.873 |      29.108 |      29.109 |   0.00046441 |    4.994e-10 |       1169.1 |      0.69719 |      0.50886 |       4.8116 |      0.83998 |      0.67187 |   8.8257e+08 |   1.4469e+09 |       0.1075 |      0.66154 |   1.1758e-09 |   1.3387e-09 |   1.0148e-09 |   5.3046e-11 |
|   86 | Accept |       237.5 |      40.879 |      29.108 |      29.109 |   0.00048118 |   1.5247e-10 |       957.66 |        0.732 |      0.47023 |        8.715 |       0.4586 |      0.24712 |   6.4066e+08 |    1.395e+09 |       7.6147 |       3.9894 |   1.5736e-09 |   1.6856e-09 |   5.4073e-10 |   7.2941e-11 |
|   87 | Accept |      1006.8 |      40.887 |      29.108 |      29.109 |    0.0053049 |   4.7358e-10 |       552.52 |      0.46464 |      0.58529 |       6.8515 |      0.34727 |      0.25444 |    2.615e+09 |   1.4138e+09 |       12.877 |       10.359 |   1.7156e-09 |   2.5501e-09 |   1.7661e-09 |   1.7579e-10 |
|   88 | Accept |      158.42 |      40.873 |      29.108 |      29.109 |   0.00035976 |   3.7262e-10 |        66488 |      0.74463 |      0.66762 |       4.4636 |      0.33098 |      0.42452 |   2.8882e+09 |   1.3603e+09 |      0.65782 |       2.0022 |   1.0332e-09 |   1.0204e-09 |   1.1383e-09 |   7.2581e-11 |
|   89 | Accept |      30.476 |      40.878 |      29.108 |      29.111 |   0.00020765 |   4.7894e-10 |       662.71 |      0.45541 |      0.78072 |       7.1156 |      0.61735 |       0.1791 |   1.1835e+09 |   5.8488e+08 |      0.39239 |      0.45481 |   1.5035e-09 |   1.1399e-09 |   1.6771e-09 |   2.4346e-10 |
|   90 | Accept |      48.557 |      40.886 |      29.108 |      29.111 |   8.3286e-05 |     4.71e-10 |       841.08 |      0.59167 |      0.69241 |       4.2921 |      0.11114 |      0.38962 |   2.4514e+09 |   2.0519e+09 |       1.3622 |      0.13071 |   2.4775e-09 |   1.2895e-09 |   1.3281e-09 |   2.4993e-10 |
|   91 | Accept |      60.195 |      40.894 |      29.108 |       29.11 |   0.00092871 |   4.8912e-10 |         1603 |       0.7017 |      0.60755 |       8.0185 |      0.51478 |      0.89629 |   1.5582e+09 |   1.5509e+09 |      0.38999 |      0.31528 |   1.6479e-09 |   1.6985e-09 |   1.8418e-09 |   2.2177e-10 |
|   92 | Accept |      105.98 |      40.875 |      29.108 |       29.11 |   0.00013904 |   3.4859e-10 |       433.81 |      0.65301 |      0.75806 |       4.0827 |      0.14768 |      0.26507 |   5.8961e+08 |   2.7465e+09 |       6.7372 |       3.7015 |   2.2864e-09 |   2.2573e-09 |   7.8465e-10 |   1.7985e-10 |
|   93 | Accept |      54.493 |      40.887 |      29.108 |      29.111 |   0.00034046 |   4.4127e-10 |       1618.8 |      0.71024 |      0.72164 |       8.3534 |      0.75838 |      0.89399 |   1.5793e+09 |    9.734e+08 |       3.0504 |      0.29282 |   2.4678e-09 |   1.4581e-09 |   2.2339e-09 |   2.3461e-10 |
|   94 | Accept |      44.334 |      40.879 |      29.108 |       29.11 |   5.3501e-05 |   4.9846e-10 |       3194.3 |      0.67876 |      0.49831 |       5.9677 |      0.19373 |      0.94892 |   1.9814e+09 |   2.2912e+09 |       1.0653 |       1.1667 |   1.0629e-09 |   2.3471e-09 |   6.8888e-10 |   2.4668e-10 |
|   95 | Accept |      33.234 |      40.876 |      29.108 |      29.111 |   0.00062761 |   4.8142e-10 |       355.91 |      0.55314 |      0.72744 |       5.1416 |      0.37917 |      0.44613 |   6.9143e+08 |   2.4438e+09 |      0.19969 |       7.7069 |   2.2632e-09 |   1.5011e-09 |   1.6984e-09 |   1.9792e-10 |
|   96 | Accept |      37.277 |      40.885 |      29.108 |      29.111 |   0.00044166 |   4.2892e-10 |       6253.2 |      0.60203 |      0.51829 |        6.399 |      0.16249 |      0.98025 |   2.1238e+09 |   2.1471e+09 |         1.57 |      0.42107 |   1.7085e-09 |   1.6207e-09 |   1.5008e-09 |   7.2032e-11 |
|   97 | Accept |       928.4 |       40.87 |      29.108 |      29.112 |   1.0129e-08 |   3.7915e-10 |       4860.6 |      0.66822 |      0.49373 |       7.9652 |      0.23494 |      0.93766 |     8.28e+08 |    1.028e+09 |       3.1404 |       16.411 |   1.5379e-09 |   2.4481e-09 |   1.4044e-09 |   5.0879e-11 |
|   98 | Accept |      84.813 |      40.869 |      29.108 |       29.11 |    6.092e-05 |   4.9751e-10 |       234.52 |       0.5122 |      0.79751 |       7.4601 |      0.33443 |       0.7349 |   7.7559e+08 |   9.2117e+08 |      0.14962 |      0.16978 |   1.7652e-09 |   2.2683e-09 |   2.2858e-09 |   1.0168e-10 |
|   99 | Accept |      35.112 |      40.876 |      29.108 |       29.11 |    0.0005166 |   4.8929e-10 |       31.085 |      0.70472 |      0.69328 |       5.3989 |       0.5844 |      0.58541 |   2.5041e+09 |   1.1404e+09 |        4.194 |      0.12265 |   2.0575e-09 |   1.0337e-09 |   1.3411e-09 |   2.3809e-10 |
|  100 | Accept |      44.091 |      40.913 |      29.108 |      29.112 |   0.00049422 |   3.6588e-10 |        21100 |      0.72819 |      0.61984 |       7.0643 |      0.31079 |      0.41805 |    5.083e+08 |   2.0374e+09 |        1.998 |      0.11886 |   1.9806e-09 |   1.5559e-09 |   1.1989e-09 |   2.1477e-10 |
|=======================================================================================================================================================================================================================================================================================================================|
| Iter | Eval   | Objective   | Objective   | BestSoFar   | BestSoFar   |           I0 |           g0 |           Rs |       V0_set |       V0_res |   gamma0_set |       Ea_set |       Ea_res |    F_min_set |    F_min_res |     Vel0_set |     Vel0_res |  gap_max_set |  gap_max_res |  gap_ini_set |  gap_ini_res |
|      | result |             | runtime     | (observed)  | (estim.)    |              |              |              |              |              |              |              |              |              |              |              |              |              |              |              |              |
|=======================================================================================================================================================================================================================================================================================================================|
|  101 | Accept |      71.008 |      40.872 |      29.108 |      29.112 |   4.8411e-05 |   4.8222e-10 |        23138 |      0.74862 |       0.6069 |       5.6241 |      0.48309 |      0.51694 |   1.8659e+09 |   8.0671e+08 |       14.614 |       0.1389 |   2.0596e-09 |   1.4177e-09 |   5.5194e-10 |   1.4801e-10 |
|  102 | Accept |      94.162 |      40.903 |      29.108 |      29.112 |   0.00043388 |   2.8645e-10 |       10.002 |      0.47296 |      0.70111 |       6.3674 |      0.64459 |      0.65287 |   5.5213e+08 |   1.0343e+09 |       5.5298 |      0.11826 |   1.6302e-09 |   2.3707e-09 |   1.7093e-09 |   1.0518e-10 |
|  103 | Accept |      80.965 |      40.863 |      29.108 |      29.112 |     0.000125 |   4.7761e-10 |       284.61 |      0.44614 |      0.78003 |       7.1986 |      0.76118 |      0.47446 |   2.4189e+09 |   2.7544e+09 |       12.825 |      0.12426 |   1.8581e-09 |   2.3586e-09 |   1.9638e-09 |   1.0668e-10 |
|  104 | Accept |      88.522 |      40.897 |      29.108 |      29.112 |    8.952e-05 |   4.5801e-10 |       129.53 |       0.5845 |      0.65116 |       6.3839 |      0.56461 |      0.23518 |   6.6617e+08 |   5.3667e+08 |      0.55384 |      0.58921 |   2.5132e-09 |   2.3409e-09 |   1.2615e-09 |    6.167e-11 |
|  105 | Accept |      51.198 |       40.89 |      29.108 |       29.11 |    0.0010003 |   4.7241e-10 |       1177.2 |      0.69105 |      0.58789 |       7.2199 |       0.4333 |      0.36042 |   1.0057e+09 |   6.2594e+08 |       9.9816 |      0.14442 |   2.5508e-09 |   1.8059e-09 |   1.6668e-09 |   1.5272e-10 |
|  106 | Accept |      32.767 |       40.89 |      29.108 |      29.112 |   0.00042526 |   4.3048e-10 |       28.651 |      0.57594 |      0.56144 |       5.0921 |       0.3692 |      0.78306 |   5.7769e+08 |   6.8112e+08 |       3.6389 |      0.16269 |    2.266e-09 |   1.3632e-09 |   5.6327e-10 |   1.7778e-10 |
|  107 | Accept |      34.081 |      40.883 |      29.108 |       29.11 |   0.00070645 |   4.6711e-10 |       1381.2 |       0.4394 |      0.81217 |       7.3687 |      0.10702 |      0.91943 |   1.2122e+09 |   1.6313e+09 |       2.6152 |        11.44 |   1.5112e-09 |   1.8287e-09 |   1.4386e-09 |   9.6728e-11 |
|  108 | Accept |      44.805 |      40.868 |      29.108 |      29.111 |   0.00055534 |   4.8972e-10 |       8037.2 |      0.77721 |      0.58087 |       7.5004 |       0.2386 |      0.39003 |   6.4652e+08 |   1.0774e+09 |       2.1815 |      0.17276 |   1.7935e-09 |   1.9882e-09 |   2.1839e-09 |   1.7768e-10 |
|  109 | Accept |      56.114 |      40.881 |      29.108 |      29.112 |   0.00075759 |   4.3559e-10 |        16194 |      0.62665 |      0.50456 |       8.1957 |       0.8795 |      0.91104 |   2.9658e+09 |   2.3196e+09 |       1.4626 |      0.50069 |    2.002e-09 |   1.1934e-09 |   1.5796e-09 |   1.8045e-10 |
|  110 | Accept |      31.589 |      40.879 |      29.108 |      29.113 |    0.0005058 |   4.8279e-10 |       3599.9 |       0.6393 |      0.79174 |       5.4987 |      0.49371 |      0.48888 |   1.7013e+09 |   9.4473e+08 |       2.5107 |      0.16504 |   1.9273e-09 |    1.418e-09 |   1.5694e-09 |   1.2829e-10 |
|  111 | Accept |      154.82 |      40.871 |      29.108 |      29.112 |   0.00076595 |   1.7359e-10 |        14841 |      0.50238 |      0.79877 |        4.353 |      0.93336 |      0.72078 |   2.1062e+09 |   1.3473e+09 |       2.6953 |      0.10057 |   1.6793e-09 |    1.277e-09 |   2.2865e-09 |   1.2498e-10 |
|  112 | Accept |      74.343 |      40.877 |      29.108 |      29.112 |   0.00035919 |   4.1934e-10 |        34671 |      0.74075 |      0.73915 |       4.1525 |      0.43114 |      0.81198 |   1.0339e+09 |   8.1677e+08 |       1.2252 |      0.22988 |   1.1694e-09 |   1.4877e-09 |   1.5809e-09 |   1.3243e-10 |
|  113 | Accept |      62.618 |      40.867 |      29.108 |      29.112 |   0.00074746 |   4.9229e-10 |        26064 |      0.48107 |      0.65932 |       7.4274 |      0.65838 |      0.94355 |   5.7297e+08 |    8.985e+08 |        7.402 |      0.25682 |   1.7828e-09 |   1.7483e-09 |   9.0328e-10 |    7.732e-11 |
|  114 | Accept |       47.46 |      40.888 |      29.108 |       29.11 |   0.00032984 |   4.7909e-10 |       150.24 |      0.64083 |      0.81554 |       5.9743 |      0.97299 |      0.83141 |   8.4607e+08 |   9.6131e+08 |      0.54063 |      0.85905 |   2.3848e-09 |   2.2364e-09 |   1.9993e-09 |   2.2927e-10 |
|  115 | Accept |      81.827 |      40.867 |      29.108 |      29.112 |    0.0011943 |   4.9722e-10 |       342.99 |      0.51447 |        0.513 |       4.9963 |      0.81163 |      0.32553 |   1.5967e+09 |   1.5456e+09 |       0.1013 |       5.3932 |   2.4403e-09 |   1.0167e-09 |   8.3827e-10 |   2.0186e-10 |
|  116 | Accept |      43.489 |      40.877 |      29.108 |       29.11 |   0.00026589 |   3.7995e-10 |       38.375 |      0.64426 |       0.7438 |       7.1515 |      0.17123 |       0.9433 |   2.5141e+09 |   1.4762e+09 |      0.57413 |      0.50783 |    1.068e-09 |   2.0285e-09 |   2.1414e-09 |   1.8142e-10 |
|  117 | Accept |      38.803 |      40.882 |      29.108 |      29.113 |   0.00023265 |   3.6898e-10 |       10.175 |      0.76397 |      0.75153 |       6.3227 |      0.41657 |      0.67858 |   2.8514e+09 |   1.3943e+09 |      0.54654 |       2.1085 |   1.0113e-09 |   1.4342e-09 |    1.305e-09 |   1.1534e-10 |
|  118 | Accept |      294.87 |       40.88 |      29.108 |       29.11 |   8.4272e-07 |   4.5844e-10 |        10063 |      0.46545 |      0.63354 |       8.4527 |      0.91922 |      0.85005 |   1.4718e+09 |   2.2542e+09 |       4.0826 |      0.23789 |   1.8317e-09 |   2.0126e-09 |   1.0738e-09 |   2.0634e-10 |
|  119 | Accept |      45.973 |       40.88 |      29.108 |      29.113 |   0.00026889 |   4.7845e-10 |       288.85 |       0.6757 |       0.6092 |       7.0387 |      0.37828 |      0.35642 |    5.266e+08 |   8.1023e+08 |       1.3187 |       0.8933 |   2.4598e-09 |   2.0699e-09 |   7.9517e-10 |   1.8377e-10 |
|  120 | Accept |      667.28 |      40.879 |      29.108 |      29.109 |   0.00034918 |   1.5926e-10 |       33.992 |      0.75227 |      0.72993 |       4.2051 |      0.94422 |      0.71694 |   1.9438e+09 |   1.0888e+09 |      0.29411 |       11.408 |    2.408e-09 |   1.7758e-09 |   1.8476e-09 |   1.7218e-10 |
|=======================================================================================================================================================================================================================================================================================================================|
| Iter | Eval   | Objective   | Objective   | BestSoFar   | BestSoFar   |           I0 |           g0 |           Rs |       V0_set |       V0_res |   gamma0_set |       Ea_set |       Ea_res |    F_min_set |    F_min_res |     Vel0_set |     Vel0_res |  gap_max_set |  gap_max_res |  gap_ini_set |  gap_ini_res |
|      | result |             | runtime     | (observed)  | (estim.)    |              |              |              |              |              |              |              |              |              |              |              |              |              |              |              |              |
|=======================================================================================================================================================================================================================================================================================================================|
|  121 | Accept |      1479.7 |      40.877 |      29.108 |      29.109 |   4.7016e-08 |   1.5044e-10 |    1.194e+05 |      0.43964 |      0.61262 |       6.1339 |      0.94643 |      0.91649 |   2.8405e+09 |    9.189e+08 |       18.673 |       8.1292 |   1.0248e-09 |   1.3217e-09 |   1.5992e-09 |    2.085e-10 |
|  122 | Accept |      560.99 |      40.893 |      29.108 |      29.109 |   4.9892e-08 |   4.9584e-10 |        14041 |       0.4433 |      0.72986 |         5.83 |      0.35006 |      0.33545 |   6.6713e+08 |   1.7451e+09 |       5.7632 |        1.918 |   1.8861e-09 |   1.5539e-09 |   1.2775e-09 |   2.2733e-10 |
|  123 | Accept |      102.58 |      40.932 |      29.108 |      29.109 |   1.6667e-05 |   4.7936e-10 |        10570 |      0.49112 |      0.63935 |        7.785 |      0.93437 |      0.64355 |   6.1174e+08 |   2.1002e+09 |       0.3009 |       0.2567 |   1.1711e-09 |    1.813e-09 |   8.1934e-10 |   9.3088e-11 |
|  124 | Accept |      30.516 |      40.871 |      29.108 |      29.109 |   0.00034146 |   4.5816e-10 |       57.219 |      0.70477 |      0.67108 |       8.2059 |      0.37479 |      0.81676 |   8.0687e+08 |   1.7233e+09 |       1.0301 |      0.40364 |   1.1856e-09 |   1.3534e-09 |   7.0358e-10 |   1.7338e-10 |
|  125 | Accept |       163.8 |      40.877 |      29.108 |      29.108 |   0.00048984 |    1.513e-10 |        64150 |      0.49367 |      0.51453 |       8.5867 |      0.60238 |      0.59189 |   6.5627e+08 |   9.2315e+08 |      0.11254 |       18.898 |   1.2909e-09 |   1.8944e-09 |   1.3556e-09 |   2.0028e-10 |
|  126 | Accept |      180.74 |      40.878 |      29.108 |      29.109 |   3.0594e-05 |   3.7775e-10 |       42.805 |       0.7576 |      0.76905 |        8.638 |      0.21582 |      0.38621 |    6.326e+08 |   1.8369e+09 |      0.22278 |       1.2497 |   2.2409e-09 |   2.2536e-09 |   6.2096e-10 |   1.0787e-10 |
|  127 | Accept |      158.73 |       40.88 |      29.108 |      29.109 |   2.9477e-06 |   4.8236e-10 |       770.66 |      0.60835 |      0.50152 |       8.0721 |      0.80334 |      0.68695 |   2.8487e+09 |   1.5441e+09 |      0.13048 |       9.3049 |    2.452e-09 |   1.3229e-09 |   1.4624e-09 |   1.5177e-10 |
|  128 | Accept |      754.06 |      40.873 |      29.108 |      29.108 |   8.3618e-08 |   4.7091e-10 |       10.279 |      0.51248 |      0.65204 |        5.898 |      0.16066 |      0.92448 |   2.6701e+09 |   1.4442e+09 |      0.15037 |      0.48679 |   2.4285e-09 |   2.2232e-09 |   2.1678e-09 |   1.1665e-10 |
|  129 | Accept |      56.377 |      40.886 |      29.108 |      29.109 |   0.00097057 |   4.8533e-10 |       10.168 |        0.703 |      0.67439 |        8.017 |      0.86087 |      0.30831 |   1.3034e+09 |   1.9391e+09 |       0.1248 |       5.7774 |   1.0878e-09 |   1.9016e-09 |   7.2227e-10 |   2.0819e-10 |
|  130 | Accept |      44.733 |      40.881 |      29.108 |      29.109 |   0.00011147 |   3.7326e-10 |       1018.9 |      0.60351 |      0.77311 |       7.9526 |      0.30142 |      0.25659 |   6.4713e+08 |   6.6298e+08 |      0.28874 |      0.18143 |   1.3612e-09 |   1.0904e-09 |   8.9585e-10 |   2.3515e-10 |
|  131 | Accept |      82.596 |       40.88 |      29.108 |      29.109 |   1.7029e-05 |   4.7997e-10 |       1703.6 |      0.55288 |      0.76088 |       4.9255 |      0.75337 |      0.56074 |   1.4065e+09 |   1.9557e+09 |       1.5056 |      0.18939 |   1.0951e-09 |   1.2851e-09 |   1.0071e-09 |   1.8856e-10 |
|  132 | Accept |      56.055 |       40.88 |      29.108 |      29.109 |   0.00096735 |   3.1173e-10 |       313.15 |      0.44394 |      0.60816 |       7.6785 |      0.60577 |       0.1992 |   5.0467e+08 |   2.7608e+09 |      0.10732 |      0.40269 |   2.5663e-09 |   1.5483e-09 |   5.7669e-10 |   1.9713e-10 |
|  133 | Accept |      64.041 |      40.874 |      29.108 |       29.11 |   0.00063438 |   4.7068e-10 |        543.7 |      0.62588 |      0.69105 |       7.0131 |      0.63646 |      0.15723 |    6.382e+08 |   9.1768e+08 |         13.5 |       3.2043 |   1.6623e-09 |   2.5649e-09 |   6.1754e-10 |   1.7451e-10 |
|  134 | Accept |      63.679 |      40.886 |      29.108 |       29.11 |    0.0001619 |   3.8612e-10 |       53.992 |      0.53825 |      0.66712 |       6.2726 |      0.49474 |      0.28525 |   6.8362e+08 |   1.5635e+09 |       15.438 |      0.10401 |   2.3774e-09 |   1.3887e-09 |   1.8957e-09 |   2.4022e-10 |
|  135 | Accept |       66.51 |      40.889 |      29.108 |       29.11 |    6.586e-05 |     4.99e-10 |        16581 |      0.49734 |      0.69994 |       8.7031 |      0.26491 |      0.61196 |   2.3233e+09 |   2.3325e+09 |       9.1617 |      0.13829 |   2.2321e-09 |   2.1758e-09 |   7.3919e-10 |   1.2284e-10 |
|  136 | Accept |      53.963 |      40.879 |      29.108 |       29.11 |   0.00050694 |   4.0429e-10 |        12.46 |      0.71947 |      0.66685 |       7.8591 |      0.83904 |      0.50833 |   6.5468e+08 |   6.8266e+08 |       2.1122 |        19.04 |   1.3582e-09 |   2.1857e-09 |   1.9328e-09 |   2.0581e-10 |
|  137 | Accept |      70.758 |      40.883 |      29.108 |       29.11 |   4.8424e-05 |   3.0448e-10 |       22.173 |      0.73154 |      0.70568 |       6.3539 |      0.84872 |      0.97756 |   9.0698e+08 |   2.7866e+09 |       0.4271 |      0.33815 |   2.2709e-09 |   1.1911e-09 |   1.1079e-09 |   7.6706e-11 |
|  138 | Accept |      305.51 |      40.882 |      29.108 |       29.11 |   5.9414e-05 |   1.5949e-10 |       2469.6 |      0.70846 |      0.69499 |       8.0509 |      0.71299 |      0.20503 |   9.5697e+08 |   2.4552e+09 |      0.44863 |       7.1207 |   1.2496e-09 |    1.508e-09 |   9.5493e-10 |   7.9654e-11 |
|  139 | Accept |      35.845 |       41.08 |      29.108 |       29.11 |   0.00057164 |   3.2625e-10 |       3697.3 |      0.49138 |      0.45317 |       7.7026 |       0.3212 |        0.292 |   7.0509e+08 |   1.8398e+09 |       13.975 |      0.40499 |   1.3837e-09 |   1.4911e-09 |   1.0762e-09 |   9.5249e-11 |
|  140 | Accept |      272.52 |      40.881 |      29.108 |       29.11 |   1.1903e-06 |   4.8933e-10 |       77.914 |      0.69605 |      0.59243 |       8.2445 |       0.9779 |      0.88586 |   9.6082e+08 |   1.0362e+09 |        4.004 |      0.11397 |   2.2016e-09 |   1.8875e-09 |   1.4768e-09 |   1.4907e-10 |
|=======================================================================================================================================================================================================================================================================================================================|
| Iter | Eval   | Objective   | Objective   | BestSoFar   | BestSoFar   |           I0 |           g0 |           Rs |       V0_set |       V0_res |   gamma0_set |       Ea_set |       Ea_res |    F_min_set |    F_min_res |     Vel0_set |     Vel0_res |  gap_max_set |  gap_max_res |  gap_ini_set |  gap_ini_res |
|      | result |             | runtime     | (observed)  | (estim.)    |              |              |              |              |              |              |              |              |              |              |              |              |              |              |              |              |
|=======================================================================================================================================================================================================================================================================================================================|
|  141 | Accept |      909.82 |      40.859 |      29.108 |       29.11 |   3.4567e-08 |   2.7363e-10 |        47292 |      0.50528 |      0.75863 |       6.5677 |      0.67783 |      0.98852 |   6.7054e+08 |   1.0238e+09 |       7.0883 |      0.10425 |   1.5535e-09 |   2.3018e-09 |   7.2253e-10 |   1.1943e-10 |
|  142 | Accept |      37.981 |      40.898 |      29.108 |       29.11 |   0.00058391 |   4.4122e-10 |       45.231 |      0.48149 |      0.62603 |       7.1074 |      0.40867 |      0.29083 |   5.1544e+08 |   2.8073e+09 |       8.3621 |       9.9496 |    2.066e-09 |   1.1853e-09 |   2.1508e-09 |   7.2118e-11 |
|  143 | Accept |      29.568 |      40.891 |      29.108 |       29.11 |   0.00039167 |   4.0655e-10 |        89.15 |      0.78999 |      0.71037 |       7.8728 |      0.93174 |      0.70347 |   7.3185e+08 |    1.601e+09 |       0.4105 |      0.65088 |   1.5177e-09 |    1.306e-09 |   1.9045e-09 |   2.2212e-10 |
|  144 | Accept |      30.412 |      40.908 |      29.108 |      29.109 |   0.00040584 |    4.269e-10 |       4863.9 |      0.55776 |      0.69559 |       8.3233 |      0.52224 |      0.46025 |   1.4646e+09 |   2.6236e+09 |      0.28701 |      0.13166 |   1.4412e-09 |   1.0407e-09 |   1.1578e-09 |   1.1928e-10 |
|  145 | Accept |      1134.4 |      40.886 |      29.108 |       29.11 |   1.2047e-06 |   1.7453e-10 |       10.104 |      0.78338 |       0.7676 |       7.2345 |      0.24802 |       0.3243 |   8.7182e+08 |   6.4111e+08 |      0.32818 |      0.29628 |    1.964e-09 |   2.0277e-09 |   1.4853e-09 |   9.2568e-11 |
|  146 | Accept |      112.69 |        40.9 |      29.108 |       29.11 |   1.1071e-05 |   4.7853e-10 |       12.724 |      0.47017 |      0.73616 |       4.2442 |      0.98905 |      0.44011 |    1.091e+09 |   6.8016e+08 |       6.4511 |      0.15743 |   1.3103e-09 |   1.1929e-09 |   1.8712e-09 |   8.3212e-11 |
|  147 | Accept |      36.177 |       40.88 |      29.108 |       29.11 |   5.9122e-05 |   4.9855e-10 |       21.546 |      0.60639 |      0.46136 |       8.2147 |      0.72224 |      0.19081 |   1.9585e+09 |    9.337e+08 |       14.309 |      0.65971 |   1.9296e-09 |   1.3544e-09 |   1.1434e-09 |   2.3535e-10 |
|  148 | Accept |       57.98 |      40.869 |      29.108 |       29.11 |   3.8424e-05 |   4.6811e-10 |       10.242 |       0.7973 |      0.50432 |       6.9944 |       0.8262 |      0.41172 |   6.4545e+08 |   1.9698e+09 |       1.2587 |       9.5298 |   1.2092e-09 |   1.6873e-09 |   6.3506e-10 |   1.9538e-10 |
|  149 | Accept |       33.48 |       40.88 |      29.108 |       29.11 |   7.2005e-05 |   4.1087e-10 |       15.093 |      0.68459 |      0.59923 |       6.9793 |       0.9431 |       0.2967 |    5.424e+08 |   2.2348e+09 |       12.151 |      0.19652 |   1.7878e-09 |    1.028e-09 |    5.063e-10 |   1.0916e-10 |
|  150 | Accept |      177.29 |      40.881 |      29.108 |       29.11 |   4.6027e-05 |   2.9131e-10 |       7151.4 |      0.54985 |      0.56278 |       8.1488 |      0.85565 |      0.49918 |   6.3373e+08 |   8.1736e+08 |       7.6703 |      0.12737 |   1.2594e-09 |   2.0736e-09 |   1.0982e-09 |   7.3355e-11 |
|  151 | Accept |      49.162 |      40.874 |      29.108 |       29.11 |   0.00061415 |   3.5824e-10 |         2262 |      0.49054 |      0.77087 |       6.2072 |       0.6611 |      0.67957 |   5.1593e+08 |    2.235e+09 |       6.1124 |      0.21816 |   2.1837e-09 |   2.2107e-09 |   1.1916e-09 |   1.7485e-10 |
|  152 | Accept |      35.892 |      40.884 |      29.108 |      29.109 |   0.00063396 |   3.0758e-10 |       8769.3 |      0.68216 |      0.47325 |       5.5059 |      0.47146 |      0.57206 |   6.3898e+08 |   2.5846e+09 |       1.9181 |      0.40964 |   1.3574e-09 |   1.1392e-09 |   7.6736e-10 |   7.7068e-11 |
|  153 | Accept |      68.258 |      40.902 |      29.108 |       29.11 |   0.00090707 |   2.4921e-10 |        25571 |      0.48383 |      0.78541 |       8.4175 |      0.39437 |      0.46662 |   1.2287e+09 |   1.5433e+09 |       13.709 |       10.018 |   1.0278e-09 |   1.7607e-09 |    8.311e-10 |   1.5654e-10 |
|  154 | Accept |       40.28 |      40.879 |      29.108 |       29.11 |   0.00043536 |   4.9802e-10 |       10.456 |      0.54906 |      0.64605 |       8.4047 |      0.32234 |      0.18296 |   1.9845e+09 |   1.1014e+09 |       7.2614 |       0.1131 |   2.1711e-09 |   1.9378e-09 |    2.076e-09 |   1.8928e-10 |
|  155 | Accept |       30.07 |      40.884 |      29.108 |       29.11 |   0.00026849 |   4.0117e-10 |       889.37 |      0.57064 |      0.54974 |       6.2856 |      0.10317 |      0.73886 |   1.4493e+09 |   1.2955e+09 |      0.70087 |      0.13267 |   1.1414e-09 |   1.6952e-09 |   5.5842e-10 |   1.8004e-10 |
|  156 | Accept |      86.316 |      40.878 |      29.108 |       29.11 |   4.3283e-05 |   4.7227e-10 |       3619.6 |       0.7261 |      0.48832 |       6.0539 |      0.64163 |      0.98139 |   5.1864e+08 |   1.1413e+09 |       9.5676 |      0.16193 |   2.3558e-09 |   1.4199e-09 |   1.8644e-09 |   1.6125e-10 |
|  157 | Accept |      111.14 |      40.873 |      29.108 |       29.11 |   1.0851e-05 |   4.9953e-10 |       97.772 |      0.74322 |      0.75011 |       6.9457 |      0.23233 |      0.36873 |   1.0439e+09 |   2.6386e+09 |       11.945 |      0.30878 |   1.5259e-09 |   1.4789e-09 |   2.1361e-09 |   9.1933e-11 |
|  158 | Accept |      48.882 |      40.871 |      29.108 |       29.11 |   0.00028762 |   4.9735e-10 |        22624 |      0.69399 |      0.53738 |       7.0244 |      0.88506 |      0.18535 |   7.2007e+08 |   1.0211e+09 |       5.8109 |        2.608 |   2.1592e-09 |   1.9366e-09 |   7.1916e-10 |   1.6459e-10 |
|  159 | Accept |      133.88 |      40.879 |      29.108 |       29.11 |   3.3642e-06 |   4.9837e-10 |       181.31 |      0.60944 |      0.79994 |       8.6239 |       0.3786 |      0.55034 |   1.1806e+09 |   2.7622e+09 |       16.058 |       3.7292 |   2.1142e-09 |   1.0537e-09 |   7.4185e-10 |   1.3655e-10 |
|  160 | Accept |      49.389 |      40.882 |      29.108 |       29.11 |   3.4418e-05 |   3.1631e-10 |       1294.8 |       0.7426 |      0.49903 |       4.7155 |      0.21492 |      0.79917 |   1.0563e+09 |   1.3683e+09 |       3.8336 |      0.24165 |   1.9254e-09 |   1.0653e-09 |   6.3491e-10 |   1.8291e-10 |
|=======================================================================================================================================================================================================================================================================================================================|
| Iter | Eval   | Objective   | Objective   | BestSoFar   | BestSoFar   |           I0 |           g0 |           Rs |       V0_set |       V0_res |   gamma0_set |       Ea_set |       Ea_res |    F_min_set |    F_min_res |     Vel0_set |     Vel0_res |  gap_max_set |  gap_max_res |  gap_ini_set |  gap_ini_res |
|      | result |             | runtime     | (observed)  | (estim.)    |              |              |              |              |              |              |              |              |              |              |              |              |              |              |              |              |
|=======================================================================================================================================================================================================================================================================================================================|
|  161 | Accept |       115.2 |      40.894 |      29.108 |       29.11 |   1.8053e-05 |   4.8383e-10 |        19904 |      0.62776 |      0.49717 |       7.7203 |      0.83805 |       0.8344 |   2.1693e+09 |   8.5129e+08 |       6.9133 |       3.3793 |   1.1413e-09 |   2.2745e-09 |   2.1484e-09 |   2.0369e-10 |
|  162 | Accept |      31.582 |      40.874 |      29.108 |      29.109 |   0.00038257 |   3.4094e-10 |       48.625 |      0.73396 |      0.47681 |       7.9089 |       0.8499 |      0.85425 |   5.4922e+08 |   1.3613e+09 |       6.4755 |       0.2853 |   2.5785e-09 |   1.0455e-09 |   1.5719e-09 |   6.4083e-11 |
|  163 | Best   |      27.813 |      40.871 |      27.813 |      27.813 |   0.00049085 |   3.7999e-10 |       10.117 |      0.57257 |      0.76137 |       4.7993 |      0.35143 |      0.78461 |   7.4478e+08 |   2.0883e+09 |       3.5692 |       8.0746 |   2.2034e-09 |   1.1174e-09 |    1.204e-09 |   2.3991e-10 |
|  164 | Accept |      30.441 |      40.862 |      27.813 |      27.813 |   0.00026712 |   4.9988e-10 |       90.529 |      0.64188 |      0.75524 |       4.1089 |       0.7438 |      0.39483 |   6.8491e+08 |   7.4109e+08 |      0.20005 |      0.22246 |    1.899e-09 |   1.1998e-09 |   1.3105e-09 |   1.1371e-10 |
|  165 | Accept |       49.06 |      40.873 |      27.813 |      27.813 |   0.00084134 |   2.7214e-10 |        14072 |      0.59732 |       0.6699 |       8.6118 |      0.60804 |      0.91202 |   1.0495e+09 |   1.1833e+09 |      0.46556 |      0.38183 |   1.0988e-09 |   1.4695e-09 |   5.5232e-10 |   8.0897e-11 |
|  166 | Accept |       77.25 |       40.88 |      27.813 |      27.813 |    0.0004468 |   2.0558e-10 |       4602.3 |      0.61469 |      0.54305 |       5.1825 |       0.1329 |      0.75403 |   1.9419e+09 |   1.1945e+09 |        1.365 |      0.14432 |   1.7579e-09 |   1.7544e-09 |   8.7817e-10 |   2.1726e-10 |
|  167 | Accept |      88.798 |      40.873 |      27.813 |      27.813 |   4.8367e-06 |   4.9908e-10 |        433.7 |      0.47196 |      0.52542 |       4.3825 |      0.18653 |      0.87487 |   1.5141e+09 |   2.7764e+09 |       3.5455 |      0.69893 |    1.699e-09 |   1.0491e-09 |   1.1713e-09 |   9.6039e-11 |
|  168 | Accept |      33.601 |      40.883 |      27.813 |      27.813 |    7.999e-05 |   4.9075e-10 |       48.285 |      0.59524 |      0.53071 |       7.0377 |      0.75163 |      0.55607 |   1.1957e+09 |   2.1035e+09 |       0.2682 |      0.17218 |    1.803e-09 |   1.4432e-09 |   5.7291e-10 |   1.5868e-10 |
|  169 | Best   |      26.813 |      40.883 |      26.813 |      26.813 |   0.00015272 |   4.9979e-10 |       30.611 |       0.6344 |      0.71324 |       8.3308 |       0.8035 |      0.79966 |   8.6523e+08 |   7.5403e+08 |      0.29861 |       4.8235 |   1.0353e-09 |   1.0265e-09 |   1.1088e-09 |   1.2032e-10 |
|  170 | Accept |      69.305 |      40.886 |      26.813 |      26.812 |   2.6029e-05 |   4.1063e-10 |        15.83 |      0.69177 |      0.70657 |       4.2653 |      0.75385 |      0.18017 |   1.8414e+09 |   1.4252e+09 |       4.3592 |       7.6496 |   1.8023e-09 |   1.0233e-09 |   1.1093e-09 |   2.0878e-10 |
|  171 | Accept |      33.264 |      40.878 |      26.813 |      26.813 |   0.00026123 |   4.9475e-10 |       3832.7 |      0.46612 |      0.54853 |       7.6952 |      0.61192 |      0.54377 |   1.2947e+09 |   2.9286e+09 |       9.8601 |       6.8424 |   2.0384e-09 |   1.7144e-09 |   5.5908e-10 |   6.0117e-11 |
|  172 | Accept |      312.18 |      40.884 |      26.813 |      26.812 |   2.3443e-05 |   3.5792e-10 |   1.0064e+05 |      0.56757 |      0.73526 |       5.0271 |      0.58573 |      0.62597 |   1.3371e+09 |   2.2764e+09 |      0.11536 |      0.13631 |    1.001e-09 |   1.7065e-09 |   7.0983e-10 |    1.875e-10 |
|  173 | Accept |      41.623 |      40.888 |      26.813 |      26.813 |    0.0006195 |   4.6956e-10 |       118.11 |      0.71157 |      0.67284 |       5.0938 |      0.37825 |      0.46594 |   7.0523e+08 |   1.6004e+09 |      0.78526 |      0.28701 |   1.5182e-09 |   1.0202e-09 |   6.6024e-10 |   1.0706e-10 |
|  174 | Accept |      44.661 |      40.874 |      26.813 |      26.812 |   2.8367e-05 |   4.8789e-10 |       157.15 |      0.70289 |      0.46518 |       8.0697 |      0.32805 |      0.29364 |   1.2705e+09 |   2.1728e+09 |      0.28003 |      0.24194 |    1.392e-09 |   1.2905e-09 |   2.2155e-09 |   1.2756e-10 |
|  175 | Accept |      101.64 |      40.869 |      26.813 |      26.812 |   0.00081341 |   1.5044e-10 |        37931 |       0.5628 |      0.55389 |       6.7789 |       0.6599 |      0.66192 |   1.1634e+09 |   1.9735e+09 |       10.467 |      0.18325 |   2.2835e-09 |   1.7741e-09 |   1.2753e-09 |   2.1029e-10 |
|  176 | Accept |      30.224 |      41.089 |      26.813 |      26.813 |   0.00026756 |   4.9228e-10 |         6659 |      0.77984 |      0.52888 |       6.9083 |      0.37909 |      0.72504 |   1.2712e+09 |   5.1018e+08 |      0.81174 |      0.10384 |   1.1724e-09 |   1.2433e-09 |   1.6144e-09 |   2.1187e-10 |
|  177 | Accept |      36.391 |      40.876 |      26.813 |      26.812 |   0.00051224 |   3.9088e-10 |        37.19 |      0.44078 |      0.45069 |        5.459 |      0.83822 |      0.18484 |    1.144e+09 |   1.6278e+09 |      0.54172 |      0.35839 |   2.2572e-09 |   1.5026e-09 |   7.5699e-10 |    2.155e-10 |
|  178 | Accept |       29.93 |      40.872 |      26.813 |      26.812 |   0.00031624 |   4.7571e-10 |       816.22 |      0.45654 |      0.64869 |       8.5731 |      0.94847 |      0.75346 |    1.184e+09 |   1.8556e+09 |       3.9069 |       3.4396 |   2.4174e-09 |   1.0761e-09 |   1.6904e-09 |   1.4194e-10 |
|  179 | Accept |      42.462 |      40.876 |      26.813 |      26.812 |    0.0001208 |    3.497e-10 |       20.844 |      0.78267 |      0.74159 |       7.2058 |      0.45667 |       0.8647 |   2.3391e+09 |   1.3995e+09 |       2.3937 |       10.352 |   1.2655e-09 |   1.1783e-09 |   1.8752e-09 |   1.5662e-10 |
|  180 | Accept |      39.805 |      40.895 |      26.813 |      26.812 |   0.00075472 |   2.8668e-10 |       5877.3 |      0.51679 |      0.58912 |       4.6972 |      0.15519 |      0.39378 |   8.6539e+08 |   1.3129e+09 |       0.1434 |      0.66305 |   1.0524e-09 |   2.4288e-09 |   7.5812e-10 |   1.3396e-10 |
|=======================================================================================================================================================================================================================================================================================================================|
| Iter | Eval   | Objective   | Objective   | BestSoFar   | BestSoFar   |           I0 |           g0 |           Rs |       V0_set |       V0_res |   gamma0_set |       Ea_set |       Ea_res |    F_min_set |    F_min_res |     Vel0_set |     Vel0_res |  gap_max_set |  gap_max_res |  gap_ini_set |  gap_ini_res |
|      | result |             | runtime     | (observed)  | (estim.)    |              |              |              |              |              |              |              |              |              |              |              |              |              |              |              |              |
|=======================================================================================================================================================================================================================================================================================================================|
|  181 | Accept |      36.248 |      40.868 |      26.813 |      26.812 |   0.00050174 |   4.9788e-10 |       74.535 |       0.4434 |      0.57419 |       6.6666 |      0.29893 |      0.77841 |   9.2305e+08 |   1.6441e+09 |      0.27773 |      0.78957 |   2.5284e-09 |   1.1163e-09 |   1.6613e-09 |   6.7289e-11 |
|  182 | Accept |      77.865 |      40.884 |      26.813 |      26.812 |   1.6917e-05 |   4.9869e-10 |       1036.6 |      0.67399 |      0.79087 |       4.1898 |      0.81898 |      0.32266 |   1.3933e+09 |   5.0563e+08 |      0.61195 |       12.663 |   1.3733e-09 |   1.0004e-09 |   7.1961e-10 |   1.9518e-10 |
|  183 | Accept |      70.491 |      40.884 |      26.813 |      26.812 |   3.5968e-05 |   4.9966e-10 |       108.56 |      0.55133 |      0.77309 |        7.842 |      0.14889 |      0.54332 |   1.0486e+09 |   1.7177e+09 |      0.70611 |       2.4712 |   1.1539e-09 |   1.6132e-09 |   6.4805e-10 |   1.0609e-10 |
|  184 | Accept |      27.262 |      40.882 |      26.813 |      26.812 |   0.00039633 |   3.7271e-10 |       23.307 |      0.70703 |      0.79229 |       6.5015 |      0.36027 |      0.52405 |    1.896e+09 |   1.1064e+09 |       13.233 |       1.6605 |   1.1105e-09 |    1.024e-09 |   2.0763e-09 |   1.1832e-10 |
|  185 | Best   |      24.619 |      40.876 |      24.619 |      24.619 |   0.00010086 |   4.8201e-10 |       33.062 |       0.5513 |      0.46056 |       7.3054 |      0.89816 |      0.97325 |   1.2486e+09 |    7.735e+08 |       6.8881 |      0.24289 |   1.0778e-09 |   1.2675e-09 |   1.0939e-09 |   1.0085e-10 |
|  186 | Accept |      26.867 |      40.887 |      24.619 |      24.619 |   0.00022391 |   4.7974e-10 |       50.159 |      0.70561 |       0.5149 |       8.7704 |      0.46658 |      0.58299 |   1.2093e+09 |   1.1985e+09 |       0.5604 |      0.20911 |   1.9932e-09 |    1.148e-09 |   1.2793e-09 |   1.1287e-10 |
|  187 | Accept |      50.142 |      41.529 |      24.619 |      24.619 |   0.00054105 |   4.8232e-10 |        23167 |      0.77855 |      0.62672 |       8.0547 |      0.26976 |      0.38093 |   6.5436e+08 |    1.715e+09 |       4.3616 |       1.9444 |   1.0447e-09 |   2.0538e-09 |   1.6474e-09 |   1.1054e-10 |
|  188 | Accept |      45.298 |       40.88 |      24.619 |       24.62 |   0.00070199 |   4.7703e-10 |       10.077 |      0.68656 |      0.55087 |       7.1352 |      0.94928 |      0.70976 |   6.5654e+08 |   6.1392e+08 |       0.9138 |      0.56249 |   1.2975e-09 |   1.0679e-09 |   1.9338e-09 |   5.5638e-11 |
|  189 | Accept |      32.837 |      40.883 |      24.619 |       24.62 |   0.00038933 |   4.9046e-10 |       17.776 |      0.62624 |      0.65051 |       7.1992 |      0.63033 |       0.1058 |   2.3307e+09 |   1.7539e+09 |      0.21317 |       5.6841 |    1.209e-09 |    1.445e-09 |   5.6312e-10 |   1.3463e-10 |
|  190 | Accept |      27.511 |      40.882 |      24.619 |       24.62 |   0.00016605 |   4.8352e-10 |       1071.3 |      0.74962 |      0.59024 |       7.7192 |       0.4332 |       0.1705 |   2.1218e+09 |    2.825e+09 |       0.7404 |      0.17562 |   1.5604e-09 |   1.1862e-09 |   1.7187e-09 |   2.2332e-10 |
|  191 | Accept |      1399.7 |      40.887 |      24.619 |       24.62 |    1.144e-08 |   1.5037e-10 |       10.229 |      0.74758 |      0.53526 |       7.6946 |      0.91528 |      0.45267 |   2.7382e+09 |   2.6159e+09 |      0.10522 |       2.5132 |   1.0212e-09 |   1.1461e-09 |    2.196e-09 |   1.7862e-10 |
|  192 | Accept |      37.508 |      40.894 |      24.619 |       24.62 |   0.00051825 |   4.9134e-10 |       4540.9 |      0.44397 |      0.55234 |       4.3388 |      0.55086 |      0.72206 |   1.3598e+09 |   1.2373e+09 |      0.37597 |      0.11339 |   1.0469e-09 |   1.4072e-09 |   5.3834e-10 |   1.4949e-10 |
|  193 | Accept |      44.716 |      40.864 |      24.619 |       24.62 |   0.00051705 |   3.8683e-10 |       1415.4 |      0.65892 |      0.72749 |       4.3159 |      0.20381 |      0.57724 |   1.3864e+09 |   1.8589e+09 |      0.19877 |      0.38151 |   2.5124e-09 |   1.0287e-09 |   1.9484e-09 |   1.6385e-10 |
|  194 | Accept |        44.5 |      40.879 |      24.619 |       24.62 |   0.00010914 |    3.458e-10 |        20826 |       0.5516 |      0.52825 |        8.585 |      0.40495 |      0.81916 |   7.2689e+08 |   1.3528e+09 |       3.2155 |      0.21282 |   1.7156e-09 |   1.0316e-09 |   6.8774e-10 |   9.9677e-11 |
|  195 | Accept |      30.907 |      40.883 |      24.619 |       24.62 |   0.00027111 |   4.8074e-10 |       24.775 |      0.56609 |      0.69191 |       8.6622 |      0.18911 |      0.68423 |   9.9796e+08 |    2.768e+09 |       4.0991 |      0.29652 |   2.1012e-09 |   1.3023e-09 |   6.7002e-10 |   9.9718e-11 |
|  196 | Accept |       32.91 |      40.877 |      24.619 |      24.619 |   0.00060576 |   2.7145e-10 |       5625.6 |      0.51026 |      0.54865 |       8.5157 |      0.86996 |       0.2035 |   1.6105e+09 |   7.3443e+08 |      0.61953 |       1.0957 |   2.1316e-09 |   1.1419e-09 |   8.7748e-10 |   1.4826e-10 |
|  197 | Accept |      33.713 |      40.886 |      24.619 |       24.62 |    0.0004518 |    4.358e-10 |       10.101 |      0.54929 |       0.6221 |       6.9313 |       0.8251 |      0.50202 |   2.6701e+09 |    2.466e+09 |        5.999 |      0.98374 |   1.0526e-09 |   1.0281e-09 |     9.11e-10 |   1.4611e-10 |
|  198 | Accept |      26.806 |      40.899 |      24.619 |       24.62 |   0.00039368 |        5e-10 |       2575.1 |      0.68434 |      0.65199 |       6.4757 |       0.3164 |      0.53676 |    5.513e+08 |   2.1289e+09 |       8.8173 |      0.14754 |   2.2477e-09 |   1.5519e-09 |   7.6958e-10 |   1.9565e-10 |
|  199 | Accept |      39.444 |      40.868 |      24.619 |       24.62 |   0.00071428 |   3.2822e-10 |       146.44 |      0.60232 |      0.79842 |       7.3098 |      0.11457 |      0.46191 |   2.7515e+09 |   1.1866e+09 |      0.67157 |       0.1259 |    1.348e-09 |   1.2925e-09 |   1.9265e-09 |   1.5951e-10 |
|  200 | Accept |      37.262 |      40.875 |      24.619 |       24.62 |   0.00070766 |   4.7099e-10 |       17.634 |      0.78075 |       0.7865 |       8.4925 |       0.2436 |       0.1416 |   1.2827e+09 |   2.3839e+09 |      0.23096 |       3.3892 |   1.6654e-09 |   1.7249e-09 |   1.6745e-09 |   2.2269e-10 |
|=======================================================================================================================================================================================================================================================================================================================|
| Iter | Eval   | Objective   | Objective   | BestSoFar   | BestSoFar   |           I0 |           g0 |           Rs |       V0_set |       V0_res |   gamma0_set |       Ea_set |       Ea_res |    F_min_set |    F_min_res |     Vel0_set |     Vel0_res |  gap_max_set |  gap_max_res |  gap_ini_set |  gap_ini_res |
|      | result |             | runtime     | (observed)  | (estim.)    |              |              |              |              |              |              |              |              |              |              |              |              |              |              |              |              |
|=======================================================================================================================================================================================================================================================================================================================|
|  201 | Accept |      45.467 |       40.88 |      24.619 |       24.62 |   0.00015033 |   3.7144e-10 |       29.184 |      0.67389 |      0.81016 |       7.7749 |      0.86463 |        0.148 |   5.9943e+08 |   9.4333e+08 |       18.652 |      0.17451 |   1.5423e-09 |   1.2452e-09 |   7.9949e-10 |   1.4472e-10 |
|  202 | Accept |      36.855 |      40.864 |      24.619 |       24.62 |   0.00036162 |   2.5874e-10 |       1076.7 |      0.57715 |      0.77205 |       6.7927 |      0.16158 |      0.15414 |   1.9532e+09 |   1.3665e+09 |       1.0042 |       5.8108 |   2.5068e-09 |   1.0602e-09 |   9.3582e-10 |   5.2409e-11 |
|  203 | Accept |      32.728 |      40.881 |      24.619 |       24.62 |   0.00014739 |   4.9923e-10 |       40.946 |      0.72881 |      0.73226 |       6.7205 |      0.57775 |      0.93341 |   1.7379e+09 |   2.8076e+09 |      0.69465 |       4.0558 |   2.0301e-09 |   1.5936e-09 |   1.3372e-09 |    2.246e-10 |
|  204 | Accept |      55.446 |      40.878 |      24.619 |       24.62 |    0.0010001 |    4.997e-10 |       823.78 |      0.53163 |      0.73845 |       8.0098 |       0.8309 |      0.42877 |   9.7271e+08 |   5.6061e+08 |       10.441 |      0.26157 |   2.0762e-09 |   1.2919e-09 |   1.2129e-09 |   9.5859e-11 |
|  205 | Accept |      53.362 |      40.874 |      24.619 |       24.62 |   0.00048858 |   3.6065e-10 |       30.002 |      0.77423 |      0.67941 |       7.3261 |      0.78709 |      0.28478 |   8.3665e+08 |    2.706e+09 |       3.0851 |       16.341 |   2.1669e-09 |   1.2798e-09 |   1.8369e-09 |   5.1437e-11 |
|  206 | Accept |      53.295 |      40.874 |      24.619 |       24.62 |   0.00058699 |    3.316e-10 |       70.152 |      0.46764 |       0.6133 |       8.0488 |      0.27249 |      0.30235 |   1.0099e+09 |    1.489e+09 |      0.28382 |      0.10551 |   2.4676e-09 |   1.4886e-09 |   1.9811e-09 |   1.7368e-10 |
|  207 | Accept |      34.827 |      40.901 |      24.619 |       24.62 |   0.00037807 |   4.0007e-10 |       127.41 |      0.61914 |      0.70011 |       8.6662 |      0.45718 |      0.73097 |   1.0833e+09 |   2.3927e+09 |        6.267 |       1.4432 |   1.7299e-09 |   1.5501e-09 |   5.9768e-10 |   1.4193e-10 |
|  208 | Accept |      34.282 |      40.883 |      24.619 |       24.62 |   0.00057852 |   2.4892e-10 |       1701.7 |      0.47776 |      0.51654 |        5.163 |      0.88457 |      0.61833 |   1.4661e+09 |    1.471e+09 |       3.6011 |       1.3536 |   1.0635e-09 |   1.2308e-09 |   1.4901e-09 |   1.0873e-10 |

__________________________________________________________
Optimization completed.
MaxObjectiveEvaluations of 208 reached.
Total function evaluations: 208
Total elapsed time: 8734.4489 seconds
Total objective function evaluation time: 8505.3552

Best observed feasible point:
        I0            g0          Rs      V0_set    V0_res     gamma0_set    Ea_set     Ea_res     F_min_set     F_min_res    Vel0_set    Vel0_res    gap_max_set    gap_max_res    gap_ini_set    gap_ini_res
    __________    __________    ______    ______    _______    __________    _______    _______    __________    _________    ________    ________    ___________    ___________    ___________    ___________

    0.00010086    4.8201e-10    33.062    0.5513    0.46056      7.3054      0.89816    0.97325    1.2486e+09    7.735e+08     6.8881     0.24289     1.0778e-09     1.2675e-09     1.0939e-09     1.0085e-10 

Observed objective function value = 24.6193
Estimated objective function value = 24.6196
Function evaluation time = 40.8759

Best estimated feasible point (according to models):
        I0            g0          Rs      V0_set    V0_res     gamma0_set    Ea_set     Ea_res     F_min_set     F_min_res    Vel0_set    Vel0_res    gap_max_set    gap_max_res    gap_ini_set    gap_ini_res
    __________    __________    ______    ______    _______    __________    _______    _______    __________    _________    ________    ________    ___________    ___________    ___________    ___________

    0.00010086    4.8201e-10    33.062    0.5513    0.46056      7.3054      0.89816    0.97325    1.2486e+09    7.735e+08     6.8881     0.24289     1.0778e-09     1.2675e-09     1.0939e-09     1.0085e-10 

Estimated objective function value = 24.6196
Estimated function evaluation time = 40.8759

[main] Stage 4: local refinement
 
 Iteration   Func-count         f(x)         Procedure
     0            1          24.6193         
     1           17          24.6034         initial simplex
     2           19          24.5852         contract inside
     3           21          24.5852         contract inside
     4           39          24.3808         shrink
     5           57          24.3808         shrink
     6           58          24.3808         reflect
     7           60          24.0018         expand
     8           62          24.0018         contract inside
     9           64          24.0018         contract inside
    10           65          24.0018         reflect
    11           66          24.0018         reflect
    12           68          24.0018         contract inside
    13           69          24.0018         reflect
    14           70          24.0018         reflect
    15           71          24.0018         reflect
    16           73          23.7988         expand
    17           74          23.7988         reflect
    18           75          23.7988         reflect
    19           76          23.7988         reflect
    20           78            23.62         expand
    21           79            23.62         reflect
    22           80            23.62         reflect
    23           82           23.617         reflect
    24           84          23.5938         reflect
    25           85          23.5938         reflect
    26           86          23.5938         reflect
    27           87          23.5938         reflect
    28           89          23.5423         reflect
    29           91          23.5422         reflect
    30           93          23.5422         contract inside
    31           95          23.4959         reflect
    32           97          23.4959         contract inside
    33           98          23.4959         reflect
    34          100          23.4536         reflect
 
Exiting: Maximum number of function evaluations has been exceeded
         - increase MaxFunEvals option.
         Current function value: 23.453586 

[main] Stage 5: validation
[Warning: MATLAB has disabled some advanced graphics rendering features by
switching to software OpenGL. For more information, click <a
href="matlab:opengl('problems')">here</a>.] 
[main] done. results in /home/hm5701/Documents/PINN/Variability_Project_v0.0.3/results/S1_taofit_S1_A8-04-4um-02_20260605_124425

ans = 

  struct with fields:

    theta_best: [1.0812e-04 4.1636e-10 1.2500 2100 ... ] (1x21 double)
          ci95: [2x21 double]
        fisher: [1x1 struct]
     loco_rmse: []
           cfg: [1x1 struct]

[run] done
